NAME : P-n55-k15 path problem
COMMENT : (Number 88)
TYPE : SPPCC
DIMENSION : 55
EDGE_WEIGHT_TYPE : EXPLICIT
EDGE_WEIGHT_FORMAT : FULL_MATRIX
EDGE_WEIGHT_SECTION
      0  25000  15000  20000   7000  25000   9000  14000  16000  24000  26000  29000  12000  23000  28000  27000  19000   8000  35000  23000  37000  27000  30000  31000  33000  33000   6000  16000  25000  18000  14000  37000  22000  18000  10000  18000  33000  32000  27000  22000  14000  36000  36000  32000  21000  14000  11000  27000  21000  28000  30000  11000  14000  23000  27000
  25000      0  20614  23097  30731  37731  18584  44731  44731  37097  49308  58731  32000  46731  57731  44731  17040  25000  36097  52731  49731  28731  17021  20021  27832  42097  32363  39731  19711  34731  25731  55000  31097  11040  37731  47731  38731  43731  53060  39000  30308  18021  18021  14021  26097  33731  39731  33731  30731  19097  35097  18097  40731  52731  53731
  15000  20614      0  24000  17892  26644  11060  34606  33606  34000  41469  49606  25000  34606  46606  32644  20060  18000  40000  40606  38644  21644  21814  30614  35308  42000  22525  27606  14931  22644  13644  50000  30000  12060  24892  37606  30644  32644  44935  35000  26308  31652  29814  26652  27000  21606  28606  24644  19644  27000  37000  15000  28606  42606  40606
  20000  23097  24000      0  26394  42394  16097  29394  34394  15491  28394  39394  15394  42394  43394  46394   9097  12394  16491  41394  55394  39000  32097  20097  14491  19491  20394  36394  32097  36394  29000  33394   8491  17097  29394  34394  48394  49394  33394  17394  10394  29097  32097  26097   3491  33394  30394  42394  36000  11491  13491  10491  34394  36394  46394
   7000  30731  17892  26394      0  25000  14060  23000  21000  31394  32863  39000  19394  24000  35000  27000  26060  15394  42394  28000  37000  28606  33892  39731  40702  40394  13918  17000  25892  18000  15606  43394  29394  22060  13286  25000  34000  32000  35329  29394  22702  42731  41892  37731  27394  15000  16000  28000  20606  33394  37394  16394  17000  31000  30000
  25000  37731  26644  42394  25000      0  28060  39514  34514  49394  51577  54514  37394  26514  47514  22014  40060  33394  58394  38514  27014  25819  34931  49731  54702  58394  31918  23514  26644  16553  21358  61394  47394  32060  28000  39514  24014  21014  53843  47394  40702  47769  44931  43769  44394  19713  31514  21014  19819  47394  54394  32394  26713  46514  33514
   9000  18584  11060  16097  14060  28060      0  25060  27060  26000  33000  40060  17000  31060  39060  33060  12794  10000  33097  34060  41060  26060  24584  25584  28097  34097  14000  24060  20157  23060  15060  42000  22097   9794  20060  29060  34060  35060  35697  26000  16000  29584  29584  25584  18097  19060  22060  27060  22060  21097  28097   6097  23060  34060  37060
  14000  44731  34606  29394  23000  39514  25060      0  16514  26394  22577  25514  15394  28514  23843  38514  34060  18394  41394  21514  48514  45319  48892  49731  45702  36394  11918  26514  43606  33514  33319  32394  28394  34060  17000  14514  49514  45514  22843  22394  21702  54731  54892  50731  29394  28713  17514  44514  37319  40394  36394  24394  21713  18514  28843
  16000  44731  33606  34394  21000  34514  27060  16514      0  32394  29577  29514  21394  21514  23843  31514  37060  22394  47394  17514  42514  42319  47892  51731  49702  42394  15918  20514  41606  28514  30319  39394  34394  35060  14000  14514  44514  39514  28843  29394  26702  55731  55892  51731  34394  24713  14514  39514  33319  44394  41394  27394  15713  21514  22843
  24000  37097  34000  15491  31394  49394  26000  26394  32394      0  16394  30394  12394  43394  36394  50394  24097  17394  17491  38394  60394  49000  46097  34097  25491  10491  20394  38394  44097  42394  37000  18394   7491  30097  31394  30394  56394  56394  22394   4394  10394  44097  46097  41097  12491  38394  30394  50394  44000  25491  11491  20491  35394  29394  45394
  26000  49308  41469  28394  32863  51577  33000  22577  29577  16394      0  18577  16394  41577  27577  50577  36000  23394  33394  31577  61577  56183  56469  49308  40394  23394  20555  38577  51469  45577  43183  13394  22394  40000  29863  25577  61577  58577   9269  12394  19394  57308  59469  54308  26394  40577  29577  55577  49183  40394  27394  29394  34577  20577  40577
  29000  58731  49606  39394  39000  54514  40060  25514  29514  30394  18577      0  24394  40514  32514  51514  47060  30394  47394  27514  61514  61319  64892  61731  54702  38394  25918  40514  59606  48514  49319  26394  35394  48060  32000  24514  64514  59514  14843  25394  30702  68731  69892  64731  38394  43713  32514  59514  53319  51394  41394  37394  35713  29514  36514
  12000  32000  25000  15394  19394  37394  17000  15394  21394  12394  16394  24394      0  31394  28394  38394  21000   7394  26394  27394  48394  39000  39000  33000  29394  22394   8394  26394  35000  30394  26000  25394  13394  24000  19394  20394  45394  44394  19394  10394   5394  41000  42000  37000  14394  26394  18394  39394  33000  26394  21394  13394  23394  21394  34394
  23000  46731  34606  42394  24000  26514  31060  28514  21514  43394  41577  40514  31394      0  31843  20514  43060  30394  57394  22514  30514  36319  46892  55731  57702  54394  25918  16514  39606  22514  29319  51394  44394  38060  20000  26514  35514  29514  40843  41394  36702  57731  55892  53731  43394  21713  22514  32514  28319  50394  51394  33394  17713  32514  17843
  28000  57731  46606  43394  35000  47514  39060  23843  23843  36394  27577  32514  28394  31843      0  42514  48060  32394  53394  19502  52514  56319  61892  63731  58702  46394  25918  33514  55606  42514  44319  36394  40394  48060  28000  19843  57514  51514  24172  32394  34702  68731  68892  64731  42394  38713  28514  53514  47319  53394  47394  38394  30042  28843  27502
  27000  44731  32644  46394  27000  22014  33060  38514  31514  50394  50577  51514  38394  20514  42514      0  45060  35394  62394  33514  25014  33819  42931  55731  59702  60394  31918  21514  34644  19553  27358  61394  49394  38060  27000  36514  30014  23014  51843  48394  42702  54769  52931  50769  48394  21713  30514  29014  26819  52394  57394  36394  24713  43514  27514
  19000  17040  20060   9097  26060  40060  12794  34060  37060  24097  36000  47060  21000  43060  48060  45060      0  14000  23097  45060  52060  35060  27040  16040  16097  28097  22000  36060  26157  35060  26060  41000  17097   9794  31060  39060  44060  46060  40697  26000  17000  24040  26040  21040  12097  32060  33060  38060  33060   9097  21097   9097  35060  42060  48060
   8000  25000  18000  12394  15394  33394  10000  18394  22394  17394  23394  30394   7394  30394  32394  35394  14000      0  27394  29394  45394  33000  32000  27000  26394  26394   8394  24394  28000  26394  21000  32394  14394  17000  17394  23394  40394  40394  26394  16394   7394  34000  35000  30000  13394  22394  18394  34394  27000  22394  22394   6394  22394  26394  34394
  35000  36097  40000  16491  42394  58394  33097  41394  47394  17491  33394  47394  26394  57394  53394  62394  23097  27394      0  54394  71394  55000  46097  28097  14215  12215  34394  51394  48097  52394  45000  30394  13491  32097  44394  46394  64394  65394  39394  21394  22394  39097  42097  38097  14491  49394  44394  58394  52000  18491   7215  26491  48394  46394  60394
  23000  52731  40606  41394  28000  38514  34060  21514  17514  38394  31577  27514  27394  22514  19502  33514  45060  29394  54394      0  43514  47319  54892  59731  56702  48394  22918  25514  48606  33514  37319  42394  40394  43060  21000  16514  48514  42514  29843  34394  33702  63731  62892  58731  41394  30713  22514  44514  38319  51394  48394  34394  21713  20514  19502
  37000  49731  38644  55394  37000  27014  41060  48514  42514  60394  61577  61514  48394  30514  52514  25014  52060  45394  71394  43514      0  34819  44931  61731  67702  70394  42918  32514  37644  27553  34358  71394  59394  45060  38000  47514  27014  20014  61843  58394  52702  58769  55931  54769  56394  31713  41514  30014  31819  59394  66394  45394  35713  53514  36514
  27000  28731  21644  39000  28606  25819  26060  45319  42319  49000  56183  61319  39000  36319  56319  33819  35060  33000  55000  47319  34819      0  22931  40731  49308  58000  34525  32319  15644  23358  21358  64000  46000  26060  34606  47319  22819  28819  58648  49000  41308  36769  33931  33769  42000  26319  38319  18819  21819  41000  52000  30000  35319  53319  44319
  30000  17021  21814  32097  33892  34931  24584  48892  47892  46097  56469  64892  39000  46892  61892  42931  27040  32000  46097  54892  44931  22931      0  28021  37832  52097  37525  40892  14911  33931  25931  63000  40097  19040  40892  51892  32931  38931  59221  47000  38308  22059  18220  19059  35097  33892  42892  28931  27931  29097  44097  26097  42892  57892  54892
  31000  20021  30614  20097  39731  49731  25584  49731  51731  34097  49308  61731  33000  55731  63731  55731  16040  27000  28097  59731  61731  40731  28021      0  17832  36097  36363  48731  32711  45731  36731  52000  27097  18040  45731  53731  51731  55731  54060  37000  30308  18021  22021  17021  22097  43731  46731  45731  42731  10097  28097  21097  48731  57731  61731
  33000  27832  35308  14491  40702  54702  28097  45702  49702  25491  40394  54702  29394  57702  58702  59702  16097  26394  14215  56702  67702  49308  37832  17832      0  24215  34394  50702  40405  49702  41308  41394  18491  24097  44702  50702  58702  61702  46394  29394  24394  27832  31832  27832  15491  46702  45702  52702  48308   7491  16215  22491  48702  51702  61702
  33000  42097  42000  19491  40394  58394  34097  36394  42394  10491  23394  38394  22394  54394  46394  60394  28097  26394  12215  48394  70394  58000  52097  36097  24215      0  30394  48394  51097  52394  46000  18394  12491  36097  41394  40394  65394  65394  30394  14394  19394  47097  50097  45097  16491  47394  40394  59394  53000  26491   9215  28491  45394  39394  55394
   6000  32363  22525  20394  13918  31918  14000  11918  15918  20394  20555  25918   8394  25918  25918  31918  22000   8394  34394  22918  42918  34525  37525  36363  34394  30394      0  19918  32525  24918  21525  32394  20394  23000  12918  16918  39918  37918  21555  18394  12394  42363  42525  38363  20394  19918  12918  33918  27525  30394  28394  14394  16918  19918  27918
  16000  39731  27606  36394  17000  23514  24060  26514  20514  38394  38577  40514  26394  16514  33514  21514  36060  24394  51394  25514  32514  32319  40892  48731  50702  48394  19918      0  33606  18514  22319  48394  38394  31060  15000  25514  33514  29514  39843  36394  31702  50731  49892  46731  37394  14713  18514  29514  23319  43394  46394  26394  12713  32514  23514
  25000  19711  14931  32097  25892  26644  20157  43606  41606  44097  51469  59606  35000  39606  55606  34644  26157  28000  48097  48606  37644  15644  14911  32711  40405  51097  32525  33606      0  26644  19644  60000  39097  18157  32892  45606  26644  31644  54935  44000  35308  28749  25911  24749  35097  27606  37606  21644  20644  32097  45097  24097  35606  52606  47606
  18000  34731  22644  36394  18000  16553  23060  33514  28514  42394  45577  48514  30394  22514  42514  19553  35060  26394  52394  33514  27553  23358  33931  45731  49702  52394  24918  18514  26644      0  17358  54394  40394  28060  21000  33514  25553  23553  46042  40394  34702  45769  43931  41769  38394  12713  25514  20159  14358  42394  48394  26394  20713  40514  30514
  14000  25731  13644  29000  15606  21358  15060  33319  30319  37000  43183  49319  26000  29319  44319  27358  26060  21000  45000  37319  34358  21358  25931  36731  41308  46000  21525  22319  19644  17358      0  51000  34000  19060  22606  35319  27358  28358  45648  36000  28308  36769  34931  32769  31000  16319  26319  21358  15358  33000  41000  19000  24319  41319  36319
  37000  55000  50000  33394  43394  61394  42000  32394  39394  18394  13394  26394  25394  51394  36394  61394  41000  32394  30394  42394  71394  64000  63000  52000  41394  18394  32394  48394  60000  54394  51000      0  25394  47000  41394  35394  70394  68394  19394  16394  26394  62000  64000  59000  30394  50394  39394  64394  58000  42394  26394  37394  44394  31394  50394
  22000  31097  30000   8491  29394  47394  22097  28394  34394   7491  22394  35394  13394  44394  40394  49394  17097  14394  13491  40394  59394  46000  40097  27097  18491  12491  20394  38394  39097  40394  34000  25394      0  24097  31394  33394  54394  54394  28394  11394   9394  37097  40097  35097   5491  36394  31394  47394  41000  18491   8491  16491  35394  33394  47394
  18000  11040  12060  17097  22060  32060   9794  34060  35060  30097  40000  48060  24000  38060  48060  38060   9794  17000  32097  43060  45060  26060  19040  18040  24097  36097  23000  31060  18157  28060  19060  47000  24097      0  28060  38060  36060  39060  43697  31000  21000  21040  22040  17040  20097  26060  30060  30060  25060  17097  29097  10097  31060  42060  45060
  10000  37731  24892  29394  13286  28000  20060  17000  14000  31394  29863  32000  19394  20000  28000  27000  31060  17394  44394  21000  38000  34606  40892  45731  44702  41394  12918  15000  32892  21000  22606  41394  31394  28060      0  18000  37000  34000  30329  28394  23702  48731  48892  44731  30394  18000   9000  32000  25606  38394  38394  21394  12000  25000  24000
  18000  47731  37606  34394  25000  39514  29060  14514  14514  30394  25577  24514  20394  26514  19843  36514  39060  23394  46394  16514  47514  47319  51892  53731  50702  40394  16918  25514  45606  33514  35319  35394  33394  38060  18000      0  49514  44514  24843  27394  26702  58731  58892  54731  34394  29713  18514  44514  38319  45394  40394  28394  20713  16514  24843
  33000  38731  30644  48394  34000  24014  34060  49514  44514  56394  61577  64514  45394  35514  57514  30014  44060  40394  64394  48514  27014  22819  32931  51731  58702  65394  39918  33514  26644  25553  27358  70394  54394  36060  37000  49514      0  22014  62843  55394  48702  47769  43931  43769  50394  28713  41514  20014  25819  50394  60394  38394  36713  56514  43514
  32000  43731  32644  49394  32000  21014  35060  45514  39514  56394  58577  59514  44394  29514  51514  23014  46060  40394  65394  42514  20014  28819  38931  55731  61702  65394  37918  29514  31644  23553  28358  68394  54394  39060  34000  44514  22014      0  59843  54394  47702  52769  49931  48769  51394  26713  37514  24014  25819  53394  61394  39394  32713  51514  36514
  27000  53060  44935  33394  35329  53843  35697  22843  28843  22394   9269  14843  19394  40843  24172  51843  40697  26394  39394  29843  61843  58648  59221  54060  46394  30394  21555  39843  54935  46042  45648  19394  28394  43697  30329  24843  62843  59843      0  18394  23394  62060  63221  58060  32394  42042  30843  57843  50648  45394  34394  32394  35042  18843  39172
  22000  39000  35000  17394  29394  47394  26000  22394  29394   4394  12394  25394  10394  41394  32394  48394  26000  16394  21394  34394  58394  49000  47000  37000  29394  14394  18394  36394  44000  40394  36000  16394  11394  31000  28394  27394  55394  54394  18394      0  10394  47000  48000  43000  15394  36394  28394  49394  43000  28394  16394  21394  33394  25394  42394
  14000  30308  26308  10394  22702  40702  16000  21702  26702  10394  19394  30702   5394  36702  34702  42702  17000   7394  22394  33702  52702  41308  38308  30308  24394  19394  12394  31702  35308  34702  28308  26394   9394  21000  23702  26702  48702  47702  23394  10394      0  39308  40308  35308   9394  29702  23702  41702  35308  22394  16394  11394  28702  27702  39702
  36000  18021  31652  29097  42731  47769  29584  54731  55731  44097  57308  68731  41000  57731  68731  54769  24040  34000  39097  63731  58769  36769  22059  18021  27832  47097  42363  50731  28749  45769  36769  62000  37097  21040  48731  58731  47769  52769  62060  47000  39308      0  11059  11059  32097  44731  50731  42769  40769  21097  39097  28097  51731  63731  64731
  36000  18021  29814  32097  41892  44931  29584  54892  55892  46097  59469  69892  42000  55892  68892  52931  26040  35000  42097  62892  55931  33931  18220  22021  31832  50097  42525  49892  25911  43931  34931  64000  40097  22040  48892  58892  43931  49931  63221  48000  40308  11059      0  12059  35097  42892  50892  39931  38931  24097  42097  29097  50892  63892  63892
  32000  14021  26652  26097  37731  43769  25584  50731  51731  41097  54308  64731  37000  53731  64731  50769  21040  30000  38097  58731  54769  33769  19059  17021  27832  45097  38363  46731  24749  41769  32769  59000  35097  17040  44731  54731  43769  48769  58060  43000  35308  11059  12059      0  29097  40731  46731  38769  36769  19097  37097  24097  46731  58731  60731
  21000  26097  27000   3491  27394  44394  18097  29394  34394  12491  26394  38394  14394  43394  42394  48394  12097  13394  14491  41394  56394  42000  35097  22097  15491  16491  20394  37394  35097  38394  31000  30394   5491  20097  30394  34394  50394  51394  32394  15394   9394  32097  35097  29097      0  34394  31394  44394  38000  13491  10491  12491  34394  35394  47394
  14000  33731  21606  33394  15000  19713  19060  28713  24713  38394  40577  43713  26394  21713  38713  21713  32060  22394  49394  30713  31713  26319  33892  43731  46702  47394  19918  14713  27606  12713  16319  50394  36394  26060  18000  29713  28713  26713  42042  36394  29702  44731  42892  40731  34394      0  20713  23713  17319  39394  44394  23394  18713  35713  28713
  11000  39731  28606  30394  16000  31514  22060  17514  14514  30394  29577  32514  18394  22514  28514  30514  33060  18394  44394  22514  41514  38319  42892  46731  45702  40394  12918  18514  37606  25514  26319  39394  31394  30060   9000  18514  41514  37514  30843  28394  23702  50731  50892  46731  31394  20713      0  36514  29319  39394  39394  22394  13713  25514  25514
  27000  33731  24644  42394  28000  21014  27060  44514  39514  50394  55577  59514  39394  32514  53514  29014  38060  34394  58394  44514  30014  18819  28931  45731  52702  59394  33918  29514  21644  20159  21358  64394  47394  30060  32000  44514  20014  24014  57843  49394  41702  42769  39931  38769  44394  23713  36514      0  18819  44394  54394  32394  31713  51514  40514
  21000  30731  19644  36000  20606  19819  22060  37319  33319  44000  49183  53319  33000  28319  47319  26819  33060  27000  52000  38319  31819  21819  27931  42731  48308  53000  27525  23319  20644  14358  15358  58000  41000  25060  25606  38319  25819  25819  50648  43000  35308  40769  38931  36769  38000  17319  29319  18819      0  40000  48000  26000  26319  45319  36319
  28000  19097  27000  11491  33394  47394  21097  40394  44394  25491  40394  51394  26394  50394  53394  52394   9097  22394  18491  51394  59394  41000  29097  10097   7491  26491  30394  43394  32097  42394  33000  42394  18491  17097  38394  45394  50394  53394  45394  28394  22394  21097  24097  19097  13491  39394  39394  44394  40000      0  18491  17491  42394  47394  55394
  30000  35097  37000  13491  37394  54394  28097  36394  41394  11491  27394  41394  21394  51394  47394  57394  21097  22394   7215  48394  66394  52000  44097  28097  16215   9215  28394  46394  45097  48394  41000  26394   8491  29097  38394  40394  60394  61394  34394  16394  16394  39097  42097  37097  10491  44394  39394  54394  48000  18491      0  22491  43394  40394  54394
  11000  18097  15000  10491  16394  32394   6097  24394  27394  20491  29394  37394  13394  33394  38394  36394   9097   6394  26491  34394  45394  30000  26097  21097  22491  28491  14394  26394  24097  26394  19000  37394  16491  10097  21394  28394  38394  39394  32394  21394  11394  28097  29097  24097  12491  23394  22394  32394  26000  17491  22491      0  25394  32394  38394
  14000  40731  28606  34394  17000  26713  23060  21713  15713  35394  34577  35713  23394  17713  30042  24713  35060  22394  48394  21713  35713  35319  42892  48731  48702  45394  16918  12713  35606  20713  24319  44394  35394  31060  12000  20713  36713  32713  35042  33394  28702  51731  50892  46731  34394  18713  13713  31713  26319  42394  43394  25394      0  27713  22042
  23000  52731  42606  36394  31000  46514  34060  18514  21514  29394  20577  29514  21394  32514  28843  43514  42060  26394  46394  20514  53514  53319  57892  57731  51702  39394  19918  32514  52606  40514  41319  31394  33394  42060  25000  16514  56514  51514  18843  25394  27702  63731  63892  58731  35394  35713  25514  51514  45319  47394  40394  32394  27713      0  29843
  27000  53731  40606  46394  30000  33514  37060  28843  22843  45394  40577  36514  34394  17843  27502  27514  48060  34394  60394  19502  36514  44319  54892  61731  61702  55394  27918  23514  47606  30514  36319  50394  47394  45060  24000  24843  43514  36514  39172  42394  39702  64731  63892  60731  47394  28713  25514  40514  36319  55394  54394  38394  22042  29843      0
NODE_WEIGHT_SECTION
 200864 -74373 -100403 -40533 -103515 -90871 -67601 -58074 -66990 -111037 -108037 -157679 -55383 -57590 -132699 -46372 -71208 -61383 -61533 -62732 -104171 -114577 -58143 -35412 -111367 -63772 -56544 -68153 -115699 -52590 -80365 -113232 -105276 -103973 -69317 -43352 -64590 -64813 -99107 -57383 -116887 -70181 -51840 -77373 -63995 -78031 -100991 -86492 -84098 -22071 -92814 -43533 -74031 -92861 -73411
CAPACITY : 70
DEMAND_SECTION
1 0
2 18
3 26
4 11
5 30
6 21
7 19
8 15
9 16
10 29
11 26
12 37
13 16
14 12
15 31
16 8
17 19
18 20
19 13
20 15
21 22
22 28
23 12
24 6
25 27
26 14
27 18
28 17
29 29
30 13
31 22
32 25
33 28
34 27
35 19
36 10
37 12
38 14
39 24
40 16
41 33
42 15
43 11
44 18
45 17
46 21
47 27
48 19
49 20
50 5
51 22
52 12
53 19
54 22
55 16
EOF
