NAME : P-n65-k10 path problem
COMMENT : (Number 102)
TYPE : SPPCC
DIMENSION : 65
EDGE_WEIGHT_TYPE : EXPLICIT
EDGE_WEIGHT_FORMAT : FULL_MATRIX
EDGE_WEIGHT_SECTION
      0  23725  14451  19725   6725  24327   8725  13725  15725  23725  25725  28725  11725  22725  27725  26202  18725   7725  34070  22725  36327  26451  28480  30026  32070  32070   5725  15725  23902  17725  13725  36070  21725  17725   9725  17725  31649  31202  26725  21725  13725  35725  35725  31725  20725  13725  10725  25773  20451  27070  29725  10725  13725  22725  26725  41070  36725  27327  19725  37725  42202  31931  21451  21725  40863
  23725      0  25024  33101  31239  42488  24915  49675  49675  47101  57890  63675  41675  51675  62675  49152  24101  31584  45446  57675  54488  33612  24891  27445  36101  51446  34915  44675  24024  39675  30337  64890  41101  20366  42675  52675  42810  48363  60890  48890  38675  27052  27052  24713  36101  38675  44675  38612  35612  29101  45101  28101  45675  57675  58675  58446  30749  52277  51890  73675  55363  31299  20092  21224  33807
  14451  25024      0  34063  18415  30213  16877  37852  36852  44063  49852  52852  34852  37852  49852  35878  28063  24761  49408  43852  42213  25337  27024  36024  44063  52063  25091  30852  21299  25852  17612  59852  40063  21024  29852  40852  33535  36089  50852  44852  34852  37024  35024  32024  37063  24852  31852  28337  23337  37063  47063  25063  31852  45852  43852  60408  41024  39002  43852  60852  46089  31024  19299  27024  39779
  19725  33101  34063      0  32239  52488  23953  39676  44676  26425  38890  49676  25676  52676  53676  56152  20101  19584  27425  51676  65488  49612  41856  31101  25101  30425  24915  46676  42063  46676  39337  43890  19425  28101  39676  44676  57810  59363  43890  27890  20676  40101  43101  37101  15080  43676  40676  52612  46612  22101  24425  21101  44676  46676  56676  38425  36101  58277  34890  63676  69363  51092  37827  26101  49856
   6725  31239  18415  32239      0  23840  15091  22239  20239  37239  37239  38239  25239  23239  34239  25716  30239  18148  47583  27239  35840  27964  35239  41239  45239  46239  15148  16239  26415  17239  14690  49239  35239  26239  13239  24239  32840  30716  37239  35239  27239  44239  43239  39239  33239  13239  15239  26964  19964  39239  43239  22239  15239  30239  29239  54583  46239  27840  31239  44239  41716  35690  26964  31239  47239
  24327  42488  30213  52488  23840      0  33340  40277  35277  59488  58277  55277  47277  27277  48277  20511  48488  40186  67832  39277  25846  23762  39488  55488  63488  68488  34516  24277  30213  17277  23488  71277  57488  40488  31277  40277  22168  19970  57277  57277  49277  53488  50488  49488  54488  21277  32277  19293  19293  57488  64488  42488  28277  47277  34277  76832  59488  23957  53277  56277  30722  33488  35213  46488  52242
   8725  24915  16877  23953  15091  33340      0  30528  32528  33953  40742  45528  24528  36528  44528  38005  19953  14437  40298  39528  46340  31464  29915  31915  35953  41953  15767  29528  25877  28528  20190  49742  29953  17915  25528  34528  38662  40216  42742  33742  23528  35915  35915  31915  25953  24528  27528  32464  27464  28953  35953  13953  28528  39528  42528  50298  36915  40129  34742  55528  50216  35151  22640  22915  41669
  13725  49675  37852  39676  22239  40277  30528      0  17676  36676  29676  28615  25676  29676  26615  39152  42676  25584  51020  22676  49277  47401  53675  55676  54676  46020  14915  27676  46852  34676  35126  42676  38676  42676  20676  17615  49599  46152  26676  32676  30676  60676  60676  56676  39676  30676  18676  45401  39401  50676  46676  34676  23676  21615  29676  55020  61676  37277  24676  36615  58152  55126  46401  46676  66430
  15725  49675  36852  44676  20239  35277  32528  17676      0  42676  36676  30676  31676  22676  24676  32152  45676  29584  57020  18676  43277  44401  52675  57676  58676  52020  18915  21676  44852  29676  32126  49676  44676  43676  17676  15676  44599  40152  32676  39676  35676  61676  61676  57676  44676  26676  15676  40401  35401  54676  51676  37676  17676  22676  23676  61020  63676  31277  31676  34676  52152  52126  45401  48676  66430
  23725  47101  44063  26425  37239  59488  33953  36676  42676      0  26890  40676  22676  53676  46676  60152  35101  24584  27770  48676  70488  59612  57101  45101  36101  21425  24915  48676  54063  52676  47337  28890  18425  41101  41676  40676  66488  66363  32890  14890  20676  55101  57101  52101  23425  48676  40676  60612  54612  36101  22425  31101  45676  39676  55676  29770  50101  60277  24890  54676  77363  64337  49827  41101  65101
  25725  57890  49852  38890  37239  58277  40742  29676  36676  26890      0  25676  26676  48676  34676  57152  46890  30584  43235  38676  68277  63401  64890  58890  50890  33890  24915  45676  59852  52676  50126  23890  32890  50890  38676  32676  67599  65152  17890  22890  29676  66890  68890  63890  36890  47676  36676  62401  56401  50890  37890  39890  41676  27676  47676  40235  63890  56277  16890  40676  76152  70126  57616  51890  75645
  28725  63675  52852  49676  38239  55277  45528  28615  30676  40676  25676      0  34676  41676  28126  52152  55676  37584  57020  28676  62277  63401  70676  67676  63676  48676  28915  41676  62852  49676  51126  36676  45676  56676  35676  27615  65277  60152  23186  35676  39676  74676  75676  70676  48676  45676  33676  60401  55401  61676  51676  47676  37676  25126  37676  55676  73676  49277  26676  32126  72152  72126  61401  59676  81675
  11725  41675  34852  25676  25239  47277  24528  25676  31676  22676  26676  34676      0  41676  38676  48152  31676  14584  36020  37676  58277  49401  48675  43676  39676  32020  12915  36676  44852  40676  36126  35676  23676  34676  29676  30676  54599  54152  29676  20676  15676  51676  52676  47676  24676  36676  28676  49401  43401  36676  31676  23676  33676  31676  44676  41020  49676  48277  20676  47676  65152  54126  41401  36676  59430
  22725  51675  37852  52676  23239  27277  36528  29676  22676  53676  48676  41676  41676      0  32676  21152  51676  37584  67020  23676  31277  38401  51430  61676  66020  64020  28915  17676  42852  23676  31126  61676  54676  46676  23676  27676  35599  30152  44676  51676  45676  63676  61676  59676  53676  23676  23676  33401  30401  60676  61676  43676  19676  33676  18676  73020  67676  19277  43676  40676  41152  48126  45401  52676  65430
  27725  62675  49852  53676  34239  48277  44528  26615  24676  46676  34676  28126  38676  32676      0  43152  56676  39584  63020  19676  53277  58401  67676  69676  67676  56676  28915  34676  58852  43676  46126  46676  50676  56676  31676  22615  58277  52152  32186  42676  43676  74676  74676  70676  52676  40676  29676  54401  49401  63676  57676  48676  31676  24126  27676  64020  74676  40277  32676  28126  63152  67126  59401  60676  79675
  26202  49152  35878  56152  25716  20511  38005  39152  32152  60152  57152  52152  48152  21152  43152      0  53152  42061  71497  34152  23759  31427  46907  61109  67497  69497  34392  22152  37878  20152  29152  71152  59152  46152  30152  37152  27833  21635  55152  58152  51152  60152  58152  56152  58152  23152  31152  26957  25957  62152  67152  46152  26152  44152  28152  78497  66152  16759  52152  51152  32635  40907  40878  52152  59290
  18725  24101  28063  20101  30239  48488  19953  42676  45676  35101  46890  55676  31676  51676  56676  53152      0  21584  33446  53676  60488  43612  34101  24101  27101  39101  26915  44676  34063  43676  34337  51890  28101  20101  39676  47676  51810  54363  50890  36890  27676  32101  34101  29101  23101  40676  41676  46612  41612  20101  32101  20101  43676  50676  56676  46446  30101  55277  41890  66676  64363  43337  28827  17101  41856
   7725  31584  24761  19584  18148  40186  14437  25584  29584  24584  30584  37584  14584  37584  39584  42061  21584      0  33929  36584  52186  40310  38584  34584  33584  33584  12915  31584  34761  33584  28035  39584  21584  24584  24584  30584  46508  47061  33584  23584  14584  41584  42584  37584  20584  29584  25584  41310  34310  29584  29584  13584  29584  33584  41584  41929  40584  43186  24584  49584  58061  44035  31310  26584  49339
  34070  45446  49408  27425  47583  67832  40298  51020  57020  27770  43235  57020  36020  67020  63020  71497  33446  33929      0  64020  80832  64957  55200  38446  24101  21770  38260  61020  57408  62020  54682  40235  24425  42446  54020  56020  73155  74708  49235  31235  32020  49446  52446  48446  25425  59020  54020  67957  61957  28446  18080  36446  58020  56020  70020  25425  41446  72621  41235  72020  85708  65682  52171  38446  60200
  22725  57675  43852  51676  27239  39277  39528  22676  18676  48676  38676  28676  37676  23676  19676  34152  53676  36584  64020      0  44277  49401  59675  65676  65676  58020  25915  26676  51852  34676  39126  52676  50676  51676  24676  17676  48599  43152  33676  44676  42676  69676  68676  64676  51676  32676  23676  45401  40401  61676  58676  44676  23676  21676  19676  66020  71676  31277  35676  28676  54152  58126  53401  56676  73430
  36327  54488  42213  65488  35840  25846  46340  49277  43277  70488  68277  62277  58277  31277  53277  23759  60488  52186  80832  44277      0  32762  49488  67488  76488  80488  45516  33277  41213  28277  36488  81277  69488  53488  41277  48277  25168  18970  65277  68277  61277  64488  61488  60488  66488  33277  42277  28293  31293  69488  76488  55488  37277  54277  37277  88832  71488  24957  63277  60277  22970  40488  46213  59488  61242
  26451  33612  25337  49612  27964  23762  31464  47401  44401  59612  63401  63401  49401  38401  58401  31427  43612  40310  64957  49401  32762      0  27612  46612  58612  68612  37640  34401  19337  25401  23612  74401  56612  34612  38401  49401  20762  26638  63401  59401  50401  42612  39612  39612  52612  28401  40401  16887  19887  51612  62612  40612  37401  55401  46401  75957  50612  35551  57401  67401  32638  21612  26337  39612  39612
  28480  24891  27024  41856  35239  39488  29915  53675  52675  57101  64890  70676  48675  51430  67676  46907  34101  38584  55200  59675  49488  27612      0  34284  45446  61200  39915  45675  20024  38430  30337  72890  50101  27366  45675  56430  36565  43118  66890  56890  47676  29891  25891  26891  45101  38675  47675  33612  32612  38856  54101  35856  47675  62675  59675  68200  36587  50031  58890  76675  48118  23299  20092  28817  28891
  30026  27445  36024  31101  41239  55488  31915  55676  57676  45101  58890  67676  43676  61676  69676  61109  24101  34584  38446  65676  67488  46612  34284      0  26446  46446  39915  54676  38024  51676  42337  62235  38101  27062  51676  59676  56810  61363  62890  47890  39676  27062  31062  26062  33101  49676  52676  50934  48612  21057  39101  32101  54676  63676  67676  52402  22351  64277  53890  79676  68363  43299  31788  22224  37445
  32070  36101  44063  25101  45239  63488  35953  54676  58676  36101  50890  63676  39676  66020  67676  67497  27101  33584  24101  65676  76488  58612  45446  26446      0  34101  38915  59676  49063  58676  50337  51890  29101  35101  53676  59020  66832  70363  56890  39890  34676  37101  40446  37101  26101  55676  54676  61612  57612  18101  26101  32446  57676  60676  70676  37446  29101  70277  47890  76676  79363  57337  43827  28446  49101
  32070  51446  52063  30425  46239  68488  41953  46020  52020  21425  33890  48676  32020  64020  56676  69497  39101  33584  21770  58020  80488  68612  61200  46446  34101      0  34260  58020  61063  62020  56337  28890  23425  47101  51676  50020  74155  74708  40890  24235  29676  57446  60446  55446  27425  57676  50676  69612  63612  36446  19425  38446  55676  49676  65020  20425  52101  70621  33890  63676  85708  69682  56171  44446  68856
   5725  34915  25091  24915  15148  34516  15767  14915  18915  24915  24915  28915  12915  28915  28915  34392  26915  12915  38260  25915  45516  37640  39915  39915  38915  34260      0  22915  35091  27915  24366  36915  24915  27915  15915  19915  41838  40392  25915  22915  16915  45915  45915  41915  24915  22915  15915  36640  30640  34915  32915  18915  19915  22915  30915  43260  45915  35516  18915  38915  52392  43366  32640  30915  52670
  15725  44675  30852  46676  16239  24277  29528  27676  21676  48676  45676  41676  36676  17676  34676  22152  44676  31584  61020  26676  33277  34401  45675  54676  59676  58020  22915      0  36852  19676  24126  58676  48676  39676  18676  26676  33599  30152  43676  46676  40676  56676  55676  52676  47676  16676  19676  30401  25401  53676  56676  36676  14676  33676  24676  68020  60676  22277  40676  44676  41152  43126  39401  45676  58430
  23902  24024  21299  42063  26415  30213  25877  46852  44852  54063  59852  62852  44852  42852  58852  37878  34063  34761  57408  51852  41213  19337  20024  38024  49063  61063  35091  36852      0  29852  23063  69852  49063  27024  37852  48852  30213  35089  60852  53852  43852  34024  31024  30024  45063  30852  40852  25337  24337  42063  55063  34063  38852  55852  50852  69408  41024  42002  53852  68852  41089  21573  17299  32024  33024
  17725  39675  25852  46676  17239  17277  28528  34676  29676  52676  52676  49676  40676  23676  43676  20152  43676  33584  62020  34676  28277  25401  38430  51676  58676  62020  27915  19676  29852      0  19126  64676  50676  36676  24676  34676  25599  24152  50676  50676  43676  51676  49676  47676  48676  14676  26676  21401  16401  52676  58676  36676  22676  41676  31676  71020  56676  23277  46676  52676  35152  35126  33401  42676  52430
  13725  30337  17612  39337  14690  23488  20190  35126  32126  47337  50126  51126  36126  31126  46126  29152  34337  28035  54682  39126  36488  23612  30337  42337  50337  56337  24366  24126  23063  19126      0  61126  44337  27337  26126  37126  28810  30363  50126  46126  37126  42337  40337  38337  41337  18126  28126  23612  17612  43337  51337  29337  26126  43126  38126  64682  47337  32277  44126  57126  40363  30337  24063  33337  44092
  36070  64890  59852  43890  49239  71277  49742  42676  49676  28890  23890  36676  35676  61676  46676  71152  51890  39584  40235  52676  81277  74401  72890  62235  51890  28890  36915  58676  69852  64676  61126      0  35890  57890  51676  45676  79599  78152  29890  26890  36676  72890  74890  69890  40890  60676  49676  74401  68401  52235  36890  47890  54676  41676  60676  32890  67890  70277  28890  51676  89152  79126  66616  57890  82645
  21725  41101  40063  19425  35239  57488  29953  38676  44676  18425  32890  45676  23676  54676  50676  59152  28101  21584  24425  50676  69488  56612  50101  38101  29101  23425  24915  48676  49063  50676  44337  35890      0  35101  41676  43676  64488  64363  38890  21890  19676  48101  51101  46101  17080  46676  41676  57612  51612  29101  20080  27101  45676  43676  57676  32425  43101  60277  29890  59676  75363  59337  44827  34101  59101
  17725  20366  21024  28101  26239  40488  17915  42676  43676  41101  50890  56676  34676  46676  56676  46152  20101  24584  42446  51676  53488  34612  27366  27062  35101  47101  27915  39676  27024  36676  27337  57890  35101      0  36676  46676  44488  47363  53890  41890  31676  30366  31366  26366  31101  34676  38676  38612  33612  28101  40101  21101  39676  50676  53676  54446  32062  49277  44890  66676  55363  36299  21788  18062  37366
   9725  42675  29852  39676  13239  31277  25528  20676  17676  41676  38676  35676  29676  23676  31676  30152  39676  24584  54020  24676  41277  38401  45675  51676  53676  51676  15915  18676  37852  24676  26126  51676  41676  36676      0  21676  39599  37152  36676  38676  32676  54676  54676  50676  40676  20676  12676  35401  29401  48676  48676  31676  14676  28676  27676  60020  56676  30277  32676  41676  49152  46126  38401  42676  58430
  17725  52675  40852  44676  24239  40277  34528  17615  15676  40676  32676  27615  30676  27676  22615  37152  47676  30584  56020  17676  48277  49401  56430  59676  59020  50020  19915  26676  48852  34676  37126  45676  43676  46676  21676      0  49599  45152  28676  37676  35676  64676  64676  60676  44676  31676  19676  45401  40401  55676  50676  38676  22676  19615  25676  59020  65676  35277  28676  33615  57152  56881  48401  50676  69430
  31649  42810  33535  57810  32840  22168  38662  49599  44599  66488  67599  65277  54599  35599  58277  27833  51810  46508  73155  48599  25168  20762  36565  56810  66832  74155  41838  33599  30213  25599  28810  79599  64488  44488  39599  49599      0  20044  65599  64599  57277  52810  48810  48810  59810  29599  42277  18293  24615  59810  69810  47810  37599  56599  43599  83155  59810  31957  61599  65599  24970  26810  35535  48810  48242
  31202  48363  36089  59363  30716  19970  40216  46152  40152  66363  65152  60152  54152  30152  52152  21635  54363  47061  74708  43152  18970  26638  43118  61363  70363  74708  40392  30152  35089  24152  30363  78152  64363  47363  37152  45152  20044      0  63152  64152  56152  58363  55363  54363  61363  28152  38152  22168  25168  63363  71363  49363  34152  52152  37152  83708  65363  24833  59152  60152  24846  35363  40089  53363  55118
  26725  60890  50852  43890  37239  57277  42742  26676  32676  32890  17890  23186  29676  44676  32186  55152  50890  33584  49235  33676  65277  63401  66890  62890  56890  40890  25915  43676  60852  50676  50126  29890  38890  53890  36676  28676  65599  63152      0  28890  33676  70890  71890  66890  42890  46676  34676  61401  55401  55890  44890  42890  39676  27186  42676  47235  68890  53277  19890  38186  74152  70126  59616  55890  78645
  21725  48890  44852  27890  35239  57277  33742  32676  39676  14890  22890  35676  20676  51676  42676  58152  36890  23584  31235  44676  68277  59401  56890  47890  39890  24235  22915  46676  53852  50676  46126  26890  21890  41890  38676  37676  64599  64152  28890      0  20676  57890  58890  53890  25890  46676  38676  59401  53401  38890  26890  31676  43676  35676  52676  32235  52890  58277  20676  50676  76152  63126  50401  42890  66645
  13725  38675  34852  20676  27239  49277  23528  30676  35676  20676  29676  39676  15676  45676  43676  51152  27676  14584  32020  42676  61277  50401  47676  39676  34676  29676  16915  40676  43852  43676  37126  36676  19676  31676  32676  35676  57277  56152  33676  20676      0  48676  49676  44676  19676  38676  32676  50401  44401  32676  26676  21676  37676  36676  48676  38676  45676  52277  24676  52676  67152  54126  40401  32676  56675
  35725  27052  37024  40101  44239  53488  35915  60676  61676  55101  66890  74676  51676  63676  74676  60152  32101  41584  49446  69676  64488  42612  29891  27062  37101  57446  45915  56676  34024  51676  42337  72890  48101  30366  54676  64676  52810  58363  70890  57890  48676      0  21958  21958  43101  50676  56676  48612  46612  32101  50101  39101  57676  69676  70676  63446  26655  64277  61890  85676  64363  37299  30092  28224  28096
  35725  27052  35024  43101  43239  50488  35915  60676  61676  57101  68890  75676  52676  61676  74676  58152  34101  42584  52446  68676  61488  39612  25891  31062  40446  60446  45915  55676  31024  49676  40337  74890  51101  31366  54676  64676  48810  55363  71890  58890  49676  21958      0  22958  46101  48676  56676  45612  44612  35101  53101  40101  56676  69676  69676  66446  30655  62277  62890  84676  60363  33299  28092  30224  26958
  31725  24713  32024  37101  39239  49488  31915  56676  57676  52101  63890  70676  47676  59676  70676  56152  29101  37584  48446  64676  60488  39612  26891  26062  37101  55446  41915  52676  30024  47676  38337  69890  46101  26366  50676  60676  48810  54363  66890  53890  44676  21958  22958      0  40101  46676  52676  44612  42612  30101  48101  35101  52676  64676  66676  61446  28655  60277  58890  80676  60363  35299  26092  25224  30096
  20725  36101  37063  15080  33239  54488  25953  39676  44676  23425  36890  48676  24676  53676  52676  58152  23101  20584  25425  51676  66488  52612  45101  33101  26101  27425  24915  47676  45063  48676  41337  40890  17080  31101  40676  44676  59810  61363  42890  25890  19676  43101  46101  40101      0  44676  41676  54612  48612  24101  22080  23101  44676  45676  57676  36425  38101  59277  32890  62676  72363  54337  39827  29101  52856
  13725  38675  24852  43676  13239  21277  24528  30676  26676  48676  47676  45676  36676  23676  40676  23152  40676  29584  59020  32676  33277  28401  38675  49676  55676  57676  22915  16676  30852  14676  18126  60676  46676  34676  20676  31676  29599  28152  46676  46676  38676  50676  48676  46676  44676      0  22676  25401  19401  49676  54676  33676  19676  37676  30676  67020  54676  25277  42676  49676  40152  37126  32401  40676  52430
  10725  44675  31852  40676  15239  32277  27528  18676  15676  40676  36676  33676  28676  23676  29676  31152  41676  25584  54020  23676  42277  40401  47675  52676  54676  50676  15915  19676  40852  26676  28126  49676  41676  38676  12676  19676  42277  38152  34676  38676  32676  56676  56676  52676  41676  22676      0  37401  31401  49676  49676  32676  15676  26676  26676  60020  58676  31277  31676  39676  50152  49126  40401  43676  61675
  25773  38612  28337  52612  26964  19293  32464  45401  40401  60612  62401  60401  49401  33401  54401  26957  46612  41310  67957  45401  28293  16887  33612  50934  61612  69612  36640  30401  25337  21401  23612  74401  57612  38612  35401  45401  18293  22168  61401  59401  50401  48612  45612  44612  54612  25401  37401      0  18417  53934  64612  42612  33401  52401  41401  77279  55612  31082  56401  63401  30168  26612  31337  44612  45367
  20451  35612  23337  46612  19964  19293  27464  39401  35401  54612  56401  55401  43401  30401  49401  25957  41612  34310  61957  40401  31293  19887  32612  48612  57612  63612  30640  25401  24337  16401  17612  68401  51612  33612  29401  40401  24615  25168  55401  53401  44401  46612  44612  42612  48612  19401  31401  18417      0  50612  58612  36612  28401  47401  38401  71957  52612  30082  50401  58401  35168  28612  28337  39612  46367
  27070  29101  37063  22101  39239  57488  28953  50676  54676  36101  50890  61676  36676  60676  63676  62152  20101  29584  28446  61676  69488  51612  38856  21057  18101  36446  34915  53676  42063  52676  43337  52235  29101  28101  48676  55676  59810  63363  55890  38890  32676  32101  35101  30101  24101  49676  49676  53934  50612      0  29101  28101  52676  57676  65676  42446  25101  64277  46890  74676  72363  49092  34826  22101  42239
  29725  45101  47063  24425  43239  64488  35953  46676  51676  22425  37890  51676  31676  61676  57676  67152  32101  29584  18080  58676  76488  62612  54101  39101  26101  19425  32915  56676  55063  58676  51337  36890  20080  40101  48676  50676  69810  71363  44890  26890  26676  50101  53101  48101  22080  54676  49676  64612  58612  29101      0  33101  53676  50676  64676  26425  43101  68277  35890  66676  81363  63337  49827  37101  60856
  10725  28101  25063  21101  22239  42488  13953  34676  37676  31101  39890  47676  23676  43676  48676  46152  20101  13584  36446  44676  55488  40612  35856  32101  32446  38446  18915  36676  34063  36676  29337  47890  27101  21101  31676  38676  47810  49363  42890  31676  21676  39101  40101  35101  23101  33676  32676  42612  36612  28101  33101      0  35676  42676  48676  46446  38101  48277  34676  58676  59363  43337  29612  24101  46856
  13725  45675  31852  44676  15239  28277  28528  23676  17676  45676  41676  37676  33676  19676  31676  26152  43676  29584  58020  23676  37277  37401  47675  54676  57676  55676  19915  14676  38852  22676  26126  54676  45676  39676  14676  22676  37599  34152  39676  43676  37676  57676  56676  52676  44676  19676  15676  33401  28401  52676  53676  35676      0  29676  23676  64020  60676  26277  36676  41676  45152  46126  40401  45676  60430
  22725  57675  45852  46676  30239  47277  39528  21615  22676  39676  27676  25126  31676  33676  24126  44152  50676  33584  56020  21676  54277  55401  62675  63676  60676  49676  22915  33676  55852  41676  43126  41676  43676  50676  28676  19615  56599  52152  27186  35676  36676  69676  69676  64676  45676  37676  26676  52401  47401  57676  50676  42676  29676      0  30676  57020  69676  42277  25676  34126  64152  63126  55401  54676  75430
  26725  58675  43852  56676  29239  34277  42528  29676  23676  55676  47676  37676  44676  18676  27676  28152  56676  41584  70020  19676  37277  46401  59675  67676  70676  65020  30915  24676  50852  31676  38126  60676  57676  53676  27676  25676  43599  37152  42676  52676  48676  70676  69676  66676  57676  30676  26676  41401  38401  65676  64676  48676  23676  30676      0  74020  73676  24277  43676  33676  47152  56126  53401  58676  72430
  41070  58446  60408  38425  54583  76832  50298  55020  61020  29770  40235  55676  41020  73020  64020  78497  46446  41929  25425  66020  88832  75957  68200  52402  37446  20425  43260  68020  69408  71020  64682  32890  32425  54446  60020  59020  83155  83708  47235  32235  38676  63446  66446  61446  36425  67020  60020  77279  71957  42446  26425  46446  64020  57020  74020      0  55446  79621  42235  70020  94708  77437  63171  51446  73584
  36725  30749  41024  36101  46239  59488  36915  61676  63676  50101  63890  73676  49676  67676  74676  66152  30101  40584  41446  71676  71488  50612  36587  22351  29101  52101  45915  60676  41024  56676  47337  67890  43101  32062  56676  65676  59810  65363  68890  52890  45676  26655  30655  28655  38101  54676  58676  55612  52612  25101  43101  38101  60676  69676  73676  55446      0  69277  59890  85676  72363  47299  36788  28224  36793
  27327  52277  39002  58277  27840  23957  40129  37277  31277  60277  56277  49277  48277  19277  40277  16759  55277  43186  72621  31277  24957  35551  50031  64277  70277  70621  35516  22277  42002  23277  32277  70277  60277  49277  30277  35277  31957  24833  53277  58277  52277  64277  62277  60277  59277  25277  31277  31082  30082  64277  68277  48277  26277  42277  24277  79621  69277      0  51277  47277  34833  45277  46002  55277  64031
  19725  51890  43852  34890  31239  53277  34742  24676  31676  24890  16890  26676  20676  43676  32676  52152  41890  24584  41235  35676  63277  57401  58890  53890  47890  33890  18915  40676  53852  46676  44126  28890  29890  44890  32676  28676  61599  59152  19890  20676  24676  61890  62890  58890  32890  42676  31676  56401  50401  46890  35890  34676  36676  25676  43676  42235  59890  51277      0  40676  71152  63126  51401  46890  69645
  37725  73675  60852  63676  44239  56277  55528  36615  34676  54676  40676  32126  47676  40676  28126  51152  66676  49584  72020  28676  60277  67401  76675  79676  76676  63676  38915  44676  68852  52676  57126  51676  59676  66676  41676  33615  65599  60152  38186  50676  52676  85676  84676  80676  62676  49676  39676  63401  58401  74676  66676  58676  41676  34126  33676  70020  85676  47277  40676      0  70152  76126  69401  70676  90430
  42202  55363  46089  69363  41716  30722  50216  58152  52152  77363  76152  72152  65152  41152  63152  32635  64363  58061  85708  54152  22970  32638  48118  68363  79363  85708  52392  41152  41089  35152  40363  89152  75363  55363  49152  57152  24970  24846  74152  76152  67152  64363  60363  60363  72363  40152  50152  30168  35168  72363  81363  59363  45152  64152  47152  94708  72363  34833  71152  70152      0  37363  48089  61363  58118
  31931  31299  31024  51092  35690  33488  35151  55126  52126  64337  70126  72126  54126  48126  67126  40907  43337  44035  65682  58126  40488  21612  23299  43299  57337  69682  43366  43126  21573  35126  30337  79126  59337  36299  46126  56881  26810  35363  70126  63126  54126  37299  33299  35299  54337  37126  49126  26612  28612  49092  63337  43337  46126  63126  56126  77437  47299  45277  63126  76126  37363      0  25024  39053  32299
  21451  20092  19299  37827  26964  35213  22640  46401  45401  49827  57616  61401  41401  45401  59401  40878  28827  31310  52171  53401  46213  26337  20092  31788  43827  56171  32640  39401  17299  33401  24063  66616  44827  21788  38401  48401  35535  40089  59616  50401  40401  30092  28092  26092  39827  32401  40401  31337  28337  34826  49827  29612  40401  55401  53401  63171  36788  46002  51401  69401  48089  25024      0  25788  31846
  21725  21224  27024  26101  31239  46488  22915  46676  48676  41101  51890  59676  36676  52676  60676  52152  17101  26584  38446  56676  59488  39612  28817  22224  28446  44446  30915  45676  32024  42676  33337  57890  34101  18062  42676  50676  48810  53363  55890  42890  32676  28224  30224  25224  29101  40676  43676  44612  39612  22101  37101  24101  45676  54676  58676  51446  28224  55277  46890  70676  61363  39053  25788      0  35817
  40863  33807  39779  49856  47239  52242  41669  66430  66430  65101  75645  81675  59430  65430  79675  59290  41856  49339  60200  73430  61242  39612  28891  37445  49101  68856  52670  58430  33024  52430  44092  82645  59101  37366  58430  69430  48242  55118  78645  66645  56675  28096  26958  30096  52856  52430  61675  45367  46367  42239  60856  46856  60430  75430  72430  73584  36793  64031  69645  90430  58118  32299  31846  35817      0
NODE_WEIGHT_SECTION
  -2809 -24441 -19146 -17411 -10642 -21005 -14642 -16985 -17045 -23483 -21244 -33777 -14403 -17021 -27985 -18042 -18742 -12642 -22759 -18165 -25265 -23390 -23155 -22713 -30159 -22756  -8642 -16501 -24656 -15823 -17390 -41516 -21742 -20517 -13957 -16612 -22783 -23350 -26049 -16617 -18130 -25262 -25125 -28262 -19411 -15957 -15957 -20243 -18920 -18481 -24497 -13828 -15850 -23615 -26156 -29115 -33850 -24387 -18049 -43272 -33994 -28882 -18790 -19121 -41481
CAPACITY : 130
DEMAND_SECTION
1 0
2 18
3 26
4 11
5 30
6 21
7 19
8 15
9 16
10 29
11 26
12 37
13 16
14 12
15 31
16 8
17 19
18 20
19 13
20 15
21 22
22 28
23 12
24 6
25 27
26 14
27 18
28 17
29 29
30 13
31 22
32 25
33 28
34 27
35 19
36 10
37 12
38 14
39 24
40 16
41 33
42 15
43 11
44 18
45 17
46 21
47 27
48 19
49 20
50 5
51 22
52 12
53 19
54 22
55 16
56 7
57 26
58 14
59 21
60 24
61 13
62 15
63 18
64 11
65 28
EOF
