NAME : A-n63-k9 path problem
COMMENT : (Number 157)
TYPE : SPPCC
DIMENSION : 63
EDGE_WEIGHT_TYPE : EXPLICIT
EDGE_WEIGHT_FORMAT : FULL_MATRIX
EDGE_WEIGHT_SECTION
      0 122000  64000  84000 100000  72000  75000  26000  82000  91000  58000  14000  50000  39000  92000  29000  43000  76000 112000  10000  32000  70000  70000  84000  92000  34000   9000  87000  61000  54000  62000 102000  80000  27000  61000  80000  78000  77000 100000  80000  86000  89000  87000  99000  33000  80000 110000  99000  78000  74000  82000  85000  83000  63000  50000  78000  24000  98000  82000  92000  51000  63000  92000
 122000      0 148146 109552 110295 158320 138771 132238 131320 103758 140758 136630 140291 150925 162062 130922 136292 144771 103295 121146 140498 171842 151771 121771 123320 135719 120146 141320 145979 157146 151146 103295 158062 139922 142146 141771 122773 137771 105295 126771 164062 108758 108758 106295 132583 151320  95295 112295 119773 129320 146771 139771 127771 154271 158146 161062 131292 132771 158062 133320 139320 123773 122295
  64000 148146      0 104146 140146  73044 133146  81136  86044 116146 115925  90630 115665  88824 168146  90292  94665 141146 150146  62044  75397 155925 140146 127146  97044  76617  59044  85044 131146  74044  65044 130146 156146 102292  71044 143146  91044 135146 127146 126146 164146 111146 112146 130146  97292  78044 141146 140146  95044  85044 150146 146146 133146 142146  77044 156146  86292 155146 158146  93044  89044  99146 140146
  84000 109552 104146      0 103552 120298 109552  93238  96298  82530 103331 102630 109071 107925 145552  96071  99292 118552 111552  82146  98498 143331 121552  95552  93298  93719  81146 107298 116552 112146 107146  91552 136552 109071  97146 118552  84751 110552  87552  96552 144552  76530  78530  91552  99071 115298 101552 104552  80751  90298 125552 119552 103552 129552 114146 137552  95292 123552 137552 102298  97320  90751 107552
 100000 110295 140146 103552      0 152320 112771 112238 129320  97758 117758 113630 115291 134925 137062 107922 117292 117771  95295 101146 123498 144842 124771  98771 125320 118719 100146 140320 119979 146146 142146 100295 132062 115922 132146 115771 117773 111771 104295 102771 138062 103758 100758  97295 109583 148320  99295  85295 112773 122320 120771 112771 101771 128271 146146 134062 109292 108771 132062 135320 124320 108773  95295
  72000 158320  73044 120298 152320      0 147320  91136 101956 132298 130100  99630 130839  99824 182320 101292 108839 155320 161320  70044  84397 170100 155320 140320 112956  86617  67044  95956 145320  80044  74044 141320 170320 112292  82044 157320 110956 149320 137320 140320 179320 126298 128298 141320 107292  84956 151320 152320 110197 104956 163320 160320 147320 156320  84044 170320  97292 168320 172320 104956 103219 117298 153320
  75000 138771 133146 109552 112771 147320      0  90238 131320 109758  94758  86630  88291 117925 119599  82922  97292  92307 122771  77146 105498 118378  97307 100771 132320  99719  77146 142320  91515 135146 134146 122771 109599  87922 124146  93307 118773  85307 124771  96771 117599 113758 109758 118771  81583 146320 126771 110771 114773 121320 100307  96307  93771  99807 134146 110599  84292 107307 110599 140320 111320  98773 100771
  26000 132238  81136  93238 112238  91136  90238      0  95136 100238  70238  47630  67238  53136 115238  49292  52238  93238 124238  26044  51136  97238  89238  96238 104136  48136  26044 101136  79238  74136  79136 112238 102238  58292  75136  97238  89136  92238 110238  92238 110238  98238  96238 109238  56292  97136 121238 111238  89136  86136 101238 101238  96238  85238  70136 101238  43292 114238 104238 105136  62136  72238 105238
  82000 131320  86044  96298 129320 101956 131320  95136      0 107298 119100 105630 121839 104824 168320 101292 105839 139320 137320  81044  94397 161100 141320 120320  85956  92617  79044  86956 134320  97044  89044 116320 157320 114292  84044 141320  87956 132320 111320 120320 165320 101298 104298 116320 106292  94956 125320 129320  87197  85956 148320 142320 127320 146320 100044 157320  99292 148320 158320  84956  99219 103298 132320
  91000 103758 116146  82530  97758 132298 109758 100238 107298      0 109538 108630 110071 117925 144758 101071 105292 118758 105758  89146 107498 145538 123758  92758 103298 102719  89146 119298 120758 124146 119146  84758 136758 112071 109146 118758  96751 110758  81758  95758 144758  81737  79737  84758 102071 127298  94758  98758  92751 102298 125758 117758 101758 132758 125146 137758 101292 120758 136758 113298 106320  96751 103758
  58000 140758 115925 103331 117758 130100  94758  70238 119100 109538      0  71630  75291  91665 126050  65922  77292  99758 128758  59146  79238 109790  98758 101758 122100  79498  58146 129100  90758 115925 116925 121758 114050  74922 106925 103758 107552  96758 121758  97758 122050 110538 106538 117758  67583 131100 128758 116758 103552 108100 108758 106758 100758 102050 114925 114050  66292 118758 116050 128100  93100  84552 109758
  14000 136630  90630 102630 113630  99630  86630  47630 105630 108630  71630      0  61630  63630  98630  41630  60630  85630 125630  22000  58630  75630  79630  98630 114630  57630  23000 111630  71630  81630  88630 117630  87630  31630  85630  89630  99630  87630 116630  93630  92630 106630 104630 114630  43630 106630 125630 112630  98630  96630  91630  94630  95630  69630  77630  84630  40630 107630  89630 115630  72630  81630 104630
  50000 140291 115665 109071 115291 130839  88291  67238 121839 110071  75291  61630      0  93665 111583  57922  79292  89291 127291  53146  79238  96583  85291 100291 126839  73238  52146 131839  75291 113665 115665 121291  98583  63922 107665  94291 111292  90291 121291  96291 106583 111071 108071 118291  56583 132839 128291 114291 108292 111839  97291  98291  97291  82583 111665  97583  60292 111291 100583 131839  91839  88292 106291
  39000 150925  88824 107925 134925  99824 117925  53136 104824 117925  91665  63630  93665      0 148925  64292  72665 123925 145925  38044  45136 126665 120925 118925 114824  49397  36044 109824 110925  82824  87824 130925 135925  75292  83824 126925 100824 119925 127925 116925 143925 113925 112925 128925  70292 104824 139925 133925 101824  96824 131925 130925 121925 119925  79824 134925  59292 141925 137925 114824  75824  89925 129925
  92000 162062 168146 145552 137062 182320 119599 115238 168320 144758 126050  98630 111583 148925      0 101922 127292 110599 142062  98146 133498 105378 110599 134062 169320 128719  97146 179320 112807 168146 169146 153062  95599  97922 159146 109599 155773 118599 156062 131062  88599 149758 144758 149062  98583 182320 153062 135062 151773 158320 102599 109599 125062 104807 166146  96599 106292 112599  93599 176320 145320 134773 126062
  29000 130922  90292  96071 107922 101292  82922  49292 101292 101071  65922  41630  57922  64292 101922      0  53292  83922 119922  32146  63292  82922  77922  92922 109292  59292  31146 109292  68922  85292  89292 111922  89922  48922  84292  87922  93292  83922 110922  87922  96922 100071  98071 107922  42922 106292 119922 106922  92292  91292  90922  91922  90922  71922  81292  87922  39292 105922  91922 111292  67292  73292  99922
  43000 136292  94665  99292 117292 108839  97292  52238 105839 105292  77292  60630  79292  72665 127292  53292      0 102292 129292  42146  59238 112292  99292 101292 112839  53238  41146 113839  89292  92665  94665 116292 114292  66292  86665 105292  97292  99292 115292  97292 122292 104292 101292 114292  57292 112839 125292 116292  95292  94839 110292 109292 102292  99292  90665 113292  53292 121292 116292 115839  71839  78292 111292
  76000 144771 141146 118552 117771 155320  92307  93238 139320 118758  99758  85630  89291 123925 110599  83922 102292      0 127771  79146 109498 110378  90307 108771 141320 104719  79146 151320  90515 142146 141146 130771 100599  85922 132146  87307 127773  91307 132771 105771 108599 122758 118758 126771  81583 154320 133771 116771 123773 129320  92307  92307 100771  93807 140146 101599  86292 105307 101599 148320 118320 106773 105771
 112000 103295 150146 111552  95295 161320 122771 124238 137320 105758 128758 125630 127291 145925 142062 119922 129292 127771      0 113146 135498 152842 134771 110771 131320 129719 112146 148320 130979 157146 152146 105295 139062 126922 142146 123771 126773 121771 109295 114771 144062 111758 108758 103295 120583 156320  97295  96295 121773 131320 128771 120771 112771 138271 157146 142062 121292 112771 139062 141320 135320 119773 105295
  10000 121146  62044  82146 101146  70044  77146  26044  81044  89146  59146  22000  53146  38044  98146  32146  42146  79146 113146      0  30044  77146  74146  85146  91044  32044   7044  85044  65146  52044  60044 101146  86146  32146  59044  84146  77044  79146  99146  81146  92146  87146  85146  98146  38146  78044 110146 100146  77044  73044  87146  88146  85146  68146  48044  84146  26146 101146  88146  90044  50044  61146  94146
  32000 140498  75397  98498 123498  84397 105498  51136  94397 107498  79238  58630  79238  45136 133498  63292  59238 109498 135498  30044      0 110238 107498 107498 104397  49397  28044  97397  96498  66397  73397 120498 121498  72292  72397 113498  91397 107498 118498 105498 128498 103498 103498 118498  70292  91397 130498 123498  91397  86397 118498 117498 110498 104498  63397 119498  57292 129498 123498 103397  66397  79498 118498
  70000 171842 155925 143331 144842 170100 118378  97238 161100 145538 109790  75630  96583 126665 105378  82922 112292 110378 152842  77146 110238      0  96587 135842 164100 111498  76146 171100 101587 153925 155925 157842  98378  74922 147925 113378 149552 118378 159842 131842  99378 148538 144538 153842  78583 172100 160842 142842 145552 150100 108378 116378 127842  88587 151925  95378  86292 126378  99378 170100 132100 126552 132842
  70000 151771 140146 121552 124771 155320  97307  89238 141320 123758  98758  79630  85291 120925 110599  77922  99292  90307 134771  74146 107498  96587      0 114771 144320 101719  74146 152320  85515 140146 141146 136771  98599  78922 132146  94307 129773  97307 138771 110771 106599 126758 122758 132771  75583 155320 140771 122771 125773 131320  95307  99307 106771  86807 139146  98599  81292 112307  99599 151320 117320 107773 112771
  84000 121771 127146  95552  98771 140320 100771  96238 120320  92758 101758  98630 100291 118925 134062  92922 101292 108771 110771  85146 107498 135842 114771      0 118320 102719  84146 131320 106979 132146 129146 104771 126062 100922 119146 107771 107773 100771 106771  86771 133062  97758  93758 100771  93583 137320 110771  97771 102773 111320 114771 107771  91771 116271 132146 127062  93292 111771 126062 127320 109320  93773  95771
  92000 123320  97044  93298 125320 112956 132320 104136  85956 103298 122100 114630 126839 114824 169320 109292 112839 141320 131320  91044 104397 164100 144320 118320      0 102617  89044  92956 137320 109044 100044 110320 158320 122292  95044 141320  90956 133320 105320 120320 167320  97298 101298 111320 113292 103956 119320 126320  89197  92956 149320 142320 127320 150320 112044 159320 107292 147320 160320  84956 107219 107298 130320
  34000 135719  76617  93719 118719  86617  99719  48136  92617 102719  79498  57630  73238  49397 128719  59292  53238 104719 129719  32044  49397 111498 101719 102719 102617      0  31044  97617  90719  69617  75617 115719 115719  69292  71617 107719  88617 101719 113719  99719 123719  99719  98719 113719  66292  92617 124719 117719  88617  83617 112719 111719 104719  98719  66617 114719  54292 123719 117719 102617  61617  74719 112719
   9000 120146  59044  81146 100146  67044  77146  26044  79044  89146  58146  23000  52146  36044  97146  31146  41146  79146 112146   7044  28044  76146  74146  84146  89044  31044      0  82044  64146  49044  57044 100146  85146  34146  57044  83146  75044  79146  99146  81146  91146  86146  84146  98146  37146  75044 109146  99146  76044  71044  86146  87146  84146  67146  45044  83146  26146 100146  87146  88044  49044  60146  93146
  87000 141320  85044 107298 140320  95956 142320 101136  86956 119298 129100 111630 131839 109824 179320 109292 113839 151320 148320  85044  97397 171100 152320 131320  92956  97617  82044      0 145320  97044  88044 127320 168320 121292  88044 152320  98956 144320 122320 132320 176320 112298 116298 128320 114292  86956 136320 141320  99197  95956 159320 154320 139320 157320 101044 168320 106292 160320 169320  83956 107219 114298 144320
  61000 145979 131146 116552 119979 145320  91515  79238 134320 120758  90758  71630  75291 110925 112807  68922  89292  90515 130979  65146  96498 101587  85515 106979 137320  90719  64146 145320      0 131146 132146 128979  99807  71922 122146  94515 122773  92515 129979 101979 107807 122758 118758 124979  67583 146320 133979 117979 118773 123320  97515  98515 100979  87807 129146  98807  71292 112515 101807 144320 107320  99773 108979
  54000 157146  74044 112146 146146  80044 135146  74136  97044 124146 115925  81630 113665  82824 168146  85292  92665 142146 157146  52044  66397 153925 140146 132146 109044  69617  49044  97044 131146      0  71044 138146 156146  95292  77044 145146 100044 137146 135146 130146 164146 119146 120146 137146  91292  88044 148146 146146 103044  94044 151146 148146 137146 140146  66044 155146  80292 158146 158146 104044  89044 102146 144146
  62000 151146  65044 107146 142146  74044 134146  79136  89044 119146 116925  88630 115665  87824 169146  89292  94665 141146 152146  60044  73397 155925 141146 129146 100044  75617  57044  88044 132146  71044      0 133146 157146 101292  72044 144146  94044 136146 129146 128146 165146 113146 114146 132146  96292  80044 143146 142146  97044  87044 150146 147146 135146 142146  75044 156146  85292 156146 158146  95044  89044 100146 142146
 102000 103295 130146  91552 100295 141320 122771 112238 116320  84758 121758 117630 121291 130925 153062 111922 116292 130771 105295 101146 120498 157842 136771 104771 110320 115719 100146 127320 128979 138146 133146      0 146062 121922 123146 128771 105773 122771  87295 109771 153062  90758  88758  87295 113583 135320  93295 102295 101773 111320 135771 127771 112771 139271 139146 148062 111292 125771 147062 120320 119320 103773 110295
  80000 158062 156146 136552 132062 170320 109599 102238 157320 136758 114050  87630  98583 135925  95599  89922 114292 100599 139062  86146 121498  98378  98599 126062 158320 115719  85146 168320  99807 156146 157146 146062      0  86922 147146 100599 144773 108599 149062 122062  90599 140758 135758 143062  86583 171320 148062 130062 140773 147320  94599 102599 117062  92807 154146  85599  93292 111599  84599 166320 132320 122773 120062
  27000 139922 102292 109071 115922 112292  87922  58292 114292 112071  74922  31630  63922  75292  97922  48922  66292  85922 126922  32146  72292  74922  78922 100922 122292  69292  34146 121292  71922  95292 101292 121922  86922      0  96292  89922 106292  88922 120922  96922  91922 112071 109071 117922  45922 118292 128922 114922 104292 104292  90922  94922  96922  69922  92292  83922  49292 107922  88922 124292  80292  85292 105922
  61000 142146  71044  97146 132146  82044 124146  75136  84044 109146 106925  85630 107665  83824 159146  84292  86665 132146 142146  59044  72397 147925 132146 119146  95044  71617  57044  88044 122146  77044  72044 123146 147146  96292      0 134146  85044 126146 120146 118146 156146 104146 105146 123146  89292  84044 133146 132146  88044  79044 141146 137146 125146 134146  79044 147146  80292 146146 149146  93044  80044  90146 131146
  80000 141771 143146 118552 115771 157320  93307  97238 141320 118758 103758  89630  94291 126925 109599  87922 105292  87307 123771  84146 113498 113378  94307 107771 141320 107719  83146 152320  94515 145146 144146 128771 100599  89922 134146      0 128773  91307 131771 104771 108599 122758 117758 124771  86583 156320 130771 113771 124773 131320  90307  87307  98771  97807 144146 102599  90292 101307 101599 149320 121320 108773 102771
  78000 122773  91044  84751 117773 110956 118773  89136  87956  96751 107552  99630 111292 100824 155773  93292  97292 127773 126773  77044  91397 149552 129773 107773  90956  88617  75044  98956 122773 100044  94044 105773 144773 106292  85044 128773      0 120773 101773 107773 153773  90751  92751 105773  97292 105956 115773 117773  74649  80956 135773 130773 115773 135773 102044 145773  92292 136773 145773  96956  92219  91751 119773
  77000 137771 135146 110552 111771 149320  85307  92238 132320 110758  96758  87630  90291 119925 118599  83922  99292  91307 121771  79146 107498 118378  97307 100771 133320 101719  79146 144320  92515 137146 136146 122771 108599  88922 126146  91307 120773      0 124771  97771 116599 114758 109758 118771  83583 148320 126771 109771 115773 123320  99307  94307  92771  99807 136146 109599  86292 105307 109599 141320 113320 100773  99771
 100000 105295 127146  87552 104295 137320 124771 110238 111320  81758 121758 116630 121291 127925 156062 110922 115292 132771 109295  99146 118498 159842 138771 106771 105320 113719  99146 122320 129979 135146 129146  87295 149062 120922 120146 131771 101773 124771      0 110771 156062  86758  85758  90295 113583 131320  97295 106295  97773 107320 137771 130771 114771 140271 136146 151062 110292 129771 149062 115320 117320 101773 113295
  80000 126771 126146  96552 102771 140320  96771  92238 120320  95758  97758  93630  96291 116925 131062  87922  97292 105771 114771  81146 105498 131842 110771  86771 120320  99719  81146 132320 101979 130146 128146 109771 122062  96922 118146 104771 107773  97771 110771      0 130062 100758  95758 105771  89583 137320 114771 101771 103773 111320 112771 105771  89771 112271 130146 124062  89292 111771 123062 128320 107320  91773  96771
  86000 164062 164146 144552 138062 179320 117599 110238 165320 144758 122050  92630 106583 143925  88599  96922 122292 108599 144062  92146 128498  99378 106599 133062 167320 123719  91146 176320 107807 164146 165146 153062  90599  91922 156146 108599 153773 116599 156062 130062      0 148758 143758 149062  92583 179320 154062 136062 149773 155320 101599 109599 124062  99807 162146  91599 100292 115599  89599 174320 141320 131773 126062
  89000 108758 111146  76530 103758 126298 113758  98238 101298  81737 110538 106630 111071 113925 149758 100071 104292 122758 111758  87146 103498 148538 126758  97758  97298  99719  86146 112298 122758 119146 113146  90758 140758 112071 104146 122758  90751 114758  86758 100758 148758      0  79737  90758 102071 121298 100758 104758  86751  96298 129758 122758 106758 135758 120146 141758  99292 125758 141758 106298 103320  94751 108758
  87000 108758 112146  78530 100758 128298 109758  96238 104298  79737 106538 104630 108071 112925 144758  98071 101292 118758 108758  85146 103498 144538 122758  93758 101298  98719  84146 116298 118758 120146 114146  88758 135758 109071 105146 117758  92751 109758  85758  95758 143758  79737      0  88758  99071 123298  99758 100758  88751  98298 125758 118758 102758 131758 121146 136758  97292 121758 136758 110298 102320  92751 104758
  99000 106295 130146  91552  97295 141320 118771 109238 116320  84758 117758 114630 118291 128925 149062 107922 114292 126771 103295  98146 118498 153842 132771 100771 111320 113719  98146 128320 124979 137146 132146  87295 143062 117922 123146 124771 105773 118771  90295 105771 149062  90758  88758      0 110583 136320  95295  99295 101773 111320 131771 123771 108771 135271 138146 144062 108292 121771 143062 121320 118320 101773 106295
  33000 132583  97292  99071 109583 107292  81583  56292 106292 102071  67583  43630  56583  70292  98583  42922  57292  81583 120583  38146  70292  78583  75583  93583 113292  66292  37146 114292  67583  91292  96292 113583  86583  45922  89292  86583  97292  83583 113583  89583  92583 102071  99071 110583      0 112292 121583 107583  95292  96292  87583  90583  90583  68583  88292  84583  46292 103583  88583 116292  72292  75292  99583
  80000 151320  78044 115298 148320  84956 146320  97136  94956 127298 131100 106630 132839 104824 182320 106292 112839 154320 156320  78044  91397 172100 155320 137320 103956  92617  75044  86956 146320  88044  80044 135320 171320 118292  84044 156320 105956 148320 131320 137320 179320 121298 123298 136320 112292      0 145320 148320 105197 100956 163320 158320 144320 158320  92044 171320 102292 166320 172320  95956 105219 116298 150320
 110000  95295 141146 101552  99295 151320 126771 121238 125320  94758 128758 125630 128291 139925 153062 119922 125292 133771  97295 110146 130498 160842 140771 110771 119320 124719 109146 136320 133979 148146 143146  93295 148062 128922 133146 130771 115773 126771  97295 114771 154062 100758  99758  95295 121583 145320      0 101295 111773 121320 136771 128771 116771 143271 149146 150062 119292 123771 148062 129320 129320 113773 111295
  99000 112295 140146 104552  85295 152320 110771 111238 129320  98758 116758 112630 114291 133925 135062 106922 116292 116771  96295 100146 123498 142842 122771  97771 126320 117719  99146 141320 117979 146146 142146 102295 130062 114922 132146 113771 117773 109771 106295 101771 136062 104758 100758  99295 107583 148320 101295      0 113773 123320 118771 110771  99771 126271 146146 132062 108292 106771 130062 135320 124320 107773  93295
  78000 119773  95044  80751 112773 110197 114773  89136  87197  92751 103552  98630 108292 101824 151773  92292  95292 123773 121773  77044  91397 145552 125773 102773  89197  88617  76044  99197 118773 103044  97044 101773 140773 104292  88044 124773  74649 115773  97773 103773 149773  86751  88751 101773  95292 105197 111773 113773      0  80197 131773 125773 110773 131773 105044 141773  91292 131773 141773  96197  92219  88751 115773
  74000 129320  85044  90298 122320 104956 121320  86136  85956 102298 108100  96630 111839  96824 158320  91292  94839 129320 131320  73044  86397 150100 131320 111320  92956  83617  71044  95956 123320  94044  87044 111320 147320 104292  79044 131320  80956 123320 107320 111320 155320  96298  98298 111320  96292 100956 121320 123320  80197      0 138320 133320 119320 136320  96044 147320  89292 140320 148320  95956  89219  92298 124320
  82000 146771 150146 125552 120771 163320 100307 101238 148320 125758 108758  91630  97291 131925 102599  90922 110292  92307 128771  87146 118498 108378  95307 114771 149320 112719  86146 159320  97515 151146 150146 135771  94599  90922 141146  90307 135773  99307 137771 112771 101599 129758 125758 131771  87583 163320 136771 118771 131773 138320      0  91307 105771  96807 149146  96599  93292 101307  94599 157320 127320 115773 108771
  85000 139771 146146 119552 112771 160320  96307 101238 142320 117758 106758  94630  98291 130925 109599  91922 109292  92307 120771  88146 117498 116378  99307 107771 142320 111719  87146 154320  98515 148146 147146 127771 102599  94922 137146  87307 130773  94307 130771 105771 109599 122758 118758 123771  90583 158320 128771 110771 125773 133320  91307      0  98771 101807 147146 104599  95292  96307 102599 151320 124320 110773 100771
  83000 127771 133146 103552 101771 147320  93771  96238 127320 101758 100758  95630  97291 121925 125062  90922 102292 100771 112771  85146 110498 127842 106771  91771 127320 104719  84146 139320 100979 137146 135146 112771 117062  96922 125146  98771 115773  92771 114771  89771 124062 106758 102758 108771  90583 144320 116771  99771 110773 119320 105771  98771      0 109271 136146 118062  92292 104771 117062 135320 113320  98773  91771
  63000 154271 142146 129552 128271 156320  99807  85238 146320 132758 102050  69630  82583 119925 104807  71922  99292  93807 138271  68146 104498  88587  86807 116271 150320  98719  67146 157320  87807 140146 142146 139271  92807  69922 134146  97807 135773  99807 140271 112271  99807 135758 131758 135271  68583 158320 143271 126271 131773 136320  96807 101807 109271      0 138146  90807  75292 114807  94807 156320 118320 111773 116271
  50000 158146  77044 114146 146146  84044 134146  70136 100044 125146 114925  77630 111665  79824 166146  81292  90665 140146 157146  48044  63397 151925 139146 132146 112044  66617  45044 101044 129146  66044  75044 139146 154146  92292  79044 144146 102044 136146 136146 130146 162146 120146 121146 138146  88292  92044 149146 146146 105044  96044 149146 147146 136146 138146      0 153146  76292 157146 156146 108044  88044 102146 144146
  78000 161062 156146 137552 134062 170320 110599 101238 157320 137758 114050  84630  97583 134925  96599  87922 113292 101599 142062  84146 119498  95378  98599 127062 159320 114719  83146 168320  98807 155146 156146 148062  85599  83922 147146 102599 145773 109599 151062 124062  91599 141758 136758 144062  84583 171320 150062 132062 141773 147320  96599 104599 118062  90807 153146      0  92292 113599  86599 166320 132320 122773 122062
  24000 131292  86292  95292 109292  97292  84292  43292  99292 101292  66292  40630  60292  59292 106292  39292  53292  86292 121292  26146  57292  86292  81292  93292 107292  54292  26146 106292  71292  80292  85292 111292  93292  49292  80292  90292  92292  86292 110292  89292 100292  99292  97292 108292  46292 102292 119292 108292  91292  89292  93292  95292  92292  75292  76292  92292      0 108292  95292 109292  65292  73292 101292
  98000 132771 155146 123552 108771 168320 107307 114238 148320 120758 118758 107630 111291 141925 112599 105922 121292 105307 112771 101146 129498 126378 112307 111771 147320 123719 100146 160320 112515 158146 156146 125771 111599 107922 146146 101307 136773 105307 129771 111771 115599 125758 121758 121771 103583 166320 123771 106771 131773 140320 101307  96307 104771 114807 157146 113599 108292      0 110599 156320 134320 119773  99771
  82000 158062 158146 137552 132062 172320 110599 104238 158320 136758 116050  89630 100583 137925  93599  91922 116292 101599 139062  88146 123498  99378  99599 126062 160320 117719  87146 169320 101807 158146 158146 147062  84599  88922 149146 101599 145773 109599 149062 123062  89599 141758 136758 143062  88583 172320 148062 130062 141773 148320  94599 102599 117062  94807 156146  86599  95292 110599      0 167320 134320 124773 120062
  92000 133320  93044 102298 135320 104956 140320 105136  84956 113298 128100 115630 131839 114824 176320 111292 115839 148320 141320  90044 103397 170100 151320 127320  84956 102617  88044  83956 144320 104044  95044 120320 166320 124292  93044 149320  96956 141320 115320 128320 174320 106298 110298 121320 116292  95956 129320 135320  96197  95956 157320 151320 135320 156320 108044 166320 109292 156320 167320      0 109219 113298 139320
  51000 139320  89044  97320 124320 103219 111320  62136  99219 106320  93100  72630  91839  75824 145320  67292  71839 118320 135320  50044  66397 132100 117320 109320 107219  61617  49044 107219 107320  89044  89044 119320 132320  80292  80044 121320  92219 113320 117320 107320 141320 103320 102320 118320  72292 105219 129320 124320  92219  89219 127320 124320 113320 118320  88044 132320  65292 134320 134320 109219      0  79320 121320
  63000 123773  99146  90751 108773 117298  98773  72238 103298  96751  84552  81630  88292  89925 134773  73292  78292 106773 119773  61146  79498 126552 107773  93773 107298  74719  60146 114298  99773 102146 100146 103773 122773  85292  90146 108773  91751 100773 101773  91773 131773  94751  92751 101773  75292 116298 113773 107773  88751  92298 115773 110773  98773 111773 102146 122773  73292 119773 124773 113298  79320      0 105773
  92000 122295 140146 107552  95295 153320 100771 105238 132320 103758 109758 104630 106291 129925 126062  99922 111292 105771 105295  94146 118498 132842 112771  95771 130320 112719  93146 144320 108979 144146 142146 110295 120062 105922 131146 102771 119773  99771 113295  96771 126062 108758 104758 106295  99583 150320 111295  93295 115773 124320 108771 100771  91771 116271 144146 122062 101292  99771 120062 139320 121320 105773      0
NODE_WEIGHT_SECTION
      0 -103151 -78127 -94178 -102877 -77609 -92880 -39701 -99106 -100692 -81795 -28000 -78437 -61824 -103969 -38406 -62755 -99989 -121131  -8044 -46527 -101061 -94380 -107199 -102865 -56044 -18000 -90491 -92661 -74127 -76954 -90758 -97672 -42776 -76435 -90807 -100671 -98953 -115221 -96670 -102875 -104178 -88536 -117714 -47437 -105038 -100404 -90771 -96706 -78521 -107453 -94917 -89807 -86880 -75405 -88208 -41146 -119844 -86062 -105106 -75108 -85706 -99807
CAPACITY : 100
DEMAND_SECTION
1 0
2 4
3 18
4 22
5 14
6 5
7 9
8 7
9 20
10 19
11 7
12 18
13 20
14 2
15 11
16 10
17 5
18 21
19 20
20 1
21 15
22 15
23 14
24 19
25 22
26 21
27 22
28 6
29 24
30 14
31 14
32 2
33 15
34 21
35 15
36 6
37 23
38 14
39 26
40 15
41 15
42 23
43 7
44 22
45 26
46 20
47 3
48 2
49 15
50 2
51 21
52 12
53 4
54 10
55 23
56 4
57 24
58 17
59 2
60 20
61 18
62 19
63 8
EOF
