NAME : E-n101-k8 path problem
COMMENT : (Number 291)
TYPE : SPPCC
DIMENSION : 101
EDGE_WEIGHT_TYPE : EXPLICIT
EDGE_WEIGHT_FORMAT : FULL_MATRIX
EDGE_WEIGHT_SECTION
      0  13938  16366  20113  23157  19817   9856  19333  23904  30163  23399  29478  13938   9938  30502  26460  27312  28294  15312  28939  29919  16938  24664  34405  27356  30642   9938   4394   4938  28113  23306  15856  30807  23590  33726  38701  39360  19856  40584  30642  10544  25370  23230  31188  30584  26838  32904  32360  26399  40900  15938  25551   9856   3544  21157  26937  27270  20323   8544  16817  17273  23479  23399  30478  42478  48551  37848  42157  19938  10938  19622  38551  20061  18803  22922  25826  14938  18475  29228  24475  18604  26590  21360  19750  22750  21817  33584  16584  17399   8312  28623  24817  16856  18817  10938  13938  13856  15938  19856  15856  22817
  13938      0  54436  37450  54247  54906  43325  43384  53993  40253  38489  45567  39327  43187  69591  65550  64402  63384  45450  49028  38008  51430  60753  68494  50665  60247  36402  19204  20827  46203  33395  32945  41896  35027  47063  48791  63450  58945  79674  63027  42770  62459  63320  70277  68674  58927  60993  56450  50489  61028  29027  34640  34671  23365  48494  56247  61359  59413  38173  54945  50450  60635  41489  43567  57567  57640  46937  73247  41027  24152  30711  47640  56150  54892  58011  60915  34027  35913  42317  38565  41432  38027  48450  51993  57906  59906  70674  56674  37489  36071  41712  62906  55945  56906  47043  53027  51476  55027  58945  53906  61945
  16366  54436      0  57962  43759  48457  35876  59934  59544  70765  67001  71079  46491  27699  45142  36120  48953  56934  51001  69540  72520  33942  35304  47006  59177  52539  34914  29613  29909  61715  66907  59457  74408  63539  71575  79303  78001  39457  56224  47539  30301  35416  35871  40828  48224  59478  68544  71001  65001  81540  56539  67152  45080  21896  48759  51539  42910  31088  25743  40457  49001  48185  66001  74079  84079  90152  81449  57759  54539  48561  63223  80152  35662  33443  35562  38466  53191  56077  67829  62077  52944  66539  60001  52544  52391  44457  55224  31224  60001  34948  72224  44457  38457  42457  34555  36539  40027  35539  40457  41457  41457
  20113  37450  57962      0  50120  68780  54851  59949  69520  39779  54015  62094  35853  52060  78118  70076  75928  76662  59976  66554  46534  51956  60279  65368  39539  52120  37928  28628  25924  34901  45922  50819  54770  32553  39166  46665  79976  68471  89200  56901  46296  63333  69846  76803  79200  73453  77272  73324  68363  77902  33553  39166  47094  30891  41368  48120  58233  63939  43700  65819  64976  73161  59015  59094  73094  58166  53811  67120  31901  37575  46237  48166  55024  55418  57885  59789  32901  29016  34668  30016  33306  34901  64976  66520  71432  70780  83547  63547  55015  46924  56238  73185  65224  68780  56917  62553  63003  63553  68471  65432  71471
  23157  54247  43759  50120      0  66476  52647  70811  75316  64575  71811  78890  40897  44757  66161  51872  69972  75772  64772  80598  70331  40690  45079  47167  43583  42150  33972  35424  31720  49120  67965  65515  76466  57350  60733  70461  90772  60267  76996  41167  37092  48132  56642  59600  69244  76316  84316  84059  78059  92598  53350  62962  54890  28687  38178  41150  40071  47735  36743  59515  64772  67957  74059  77890  91890  82210  77507  50920  44597  51371  65034  72962  40723  41904  42684  42588  48350  48235  58235  53483  42350  59597  72811  68316  70229  64515  76244  52244  67811  48720  76035  65267  58267  62476  52613  55597  58838  55350  61267  61229  62515
  19817  54906  48457  68780  66476      0  31510  46635  39178  75235  59635  57714  60309  36169  45777  52570  36587  35635  36635  54174  70990  57412  60774  72476  75895  76229  50384  30083  37379  75432  64377  53091  68042  70009  81393  84120  58635  37091  52859  73229  46752  58480  45341  52298  41859  37178  47178  52635  47674  63174  62009  69622  37714  30347  67476  74229  67380  49434  38155  34091  29674  32859  54635  63714  69714  91622  79919  83229  68048  48031  59693  82622  60132  57913  60032  63936  62009  65895  76547  71895  67662  73009  42635  32217  30130  34130  41859  43656  50635  28583  63858  37091  37091  33091  34025  38009  33661  39009  36091  32091  38091
   9856  43325  35876  54851  52647  31510      0  41987  40597  62654  51053  53132  45380  23755  43195  43989  39006  40987  32053  51593  60409  42583  48193  59934  59846  60427  35803  20486  25368  61603  54796  44549  59461  57428  67464  72191  59053  32510  53277  58171  33171  47899  38759  46717  42277  41531  49597  52053  46092  61593  49428  58041  28547  15765  52647  58427  53799  38852  24574  28549  29987  35238  49053  57132  66132  81041  69338  69647  53467  36449  50112  71041  46551  44332  47451  51355  48080  51966  62718  57966  52832  59119  41053  33531  35444  33510  45277  33113  43053  20454  56277  36510  30510  30510  23080  27428  25549  30428  32510  27549  35510
  19333  43384  59934  59949  70811  46635  41987      0  38606  60751  40064  39180  58544  46751  65320  69048  57131  51084  35436  36641  53468  63642  71318  82059  71386  77486  51900  25561  34896  69662  46960  36674  48538  58487  69561  70250  48063  55569  72336  78296  53229  70957  62818  70775  62402  43693  44606  40063  34102  48602  52525  55099  29621  32824  67811  74486  74857  63911  45738  51635  41112  52621  35454  43427  51141  75205  61502  89811  63592  36508  43171  66138  67715  66390  69510  73480  55178  59063  65777  62129  62891  60244  33168  38980  46892  53635  61726  58238  32454  32060  44248  56569  53569  51635  46607  51592  48139  54525  54569  49569  57607
  23904  53993  59544  69520  75316  39178  40597  38606      0  72322  51635  47751  65049  46256  57864  65658  47674  39693  35046  43212  65078  66499  71861  83563  80734  83096  56471  32171  41467  78272  58465  48178  60042  69096  80132  80860  45673  50178  62946  82096  55839  70567  58428  65385  53946  32255  36168  39673  35711  50212  62096  66709  36125  37434  73316  81316  77467  61521  47243  47178  35722  44231  46959  54037  57751  86709  73006  93316  71135  46118  54781  77709  70220  68000  71119  74023  64096  67982  76386  71634  70501  71096  32711  32541  37502  47178  51270  55743  43959  33670  55858  50178  49178  46178  45112  49096  44749  52096  49178  45178  51178
  30163  40253  70765  39779  64575  75235  62654  60751  72322      0  49817  56896  49656  62515  88920  82878  84731  82779  64779  63357  35337  65759  75082  79823  51994  65575  51731  35430  36726  44779  39724  50274  45225  33356  35392  34241  77779  78274  99002  72575  59099  77788  81649  88606  89002  78256  78322  71817  67817  73357  40356  31743  51897  41694  55823  62575  72688  76742  55502  75274  70779  80963  55817  50896  64896  43743  39040  80575  46356  41378  43040  33743  69479  69221  72340  73244  44356  42241  34894  37241  47761  31356  66779  71322  78235  79235  91002  75002  54817  53726  48041  82235  75274  77235  66372  72356  71805  74356  78274  74235  81274
  23399  38489  67001  54015  71811  59635  51053  40064  51635  49817      0  35696  56892  54751  77320  78114  70131  64178  47178  41157  40573  67995  76318  85059  68229  77811  53967  28666  34962  63015  34960  33674  36025  49592  59628  57703  55578  66674  85402  81811  57334  77024  72884  80842  75402  57656  57122  49617  46617  51157  46592  44205  36297  37929  66059  74811  77924  71977  51738  62674  54178  65363  33617  33696  47696  61205  47502  90811  58592  34613  33276  53205  71715  70457  74576  77480  51592  54477  57129  55477  59996  51592  46091  52722  60635  65635  74402  67238  35130  41126  32841  69635  64674  63635  55607  61592  59205  64592  66674  60635  69674
  29478  45567  71079  62094  78890  57714  53132  39180  47751  56896  35696      0  63970  57830  77399  81193  68209  61228  47581  34194  46651  73073  81396  91137  76308  85890  60045  33745  42040  71846  43039  39752  39103  57670  67706  64434  44695  67752  84481  86670  63413  82102  74963  82920  74481  52772  50238  40695  40734  38273  54670  52283  39699  43008  74137  81890  84002  75056  55817  63752  53257  64766  33020  33020  38734  66283  51580  97890  66670  41692  41354  59283  77793  76535  79655  82558  59670  62556  64960  63556  68075  59670  43208  51124  58037  65714  72805  70317  37533  44205  33919  68714  65752  63714  57686  63670  60284  66670  66752  61714  69752
  13938  39327  46491  35853  40897  60309  45380  58544  65049  49656  56892  63970      0  41589  67994  58605  67805  69505  54853  66431  54063  40833  49156  54897  40068  45649  26805  24204  19500  40853  51798  50348  60299  42430  49466  57194  78505  59000  79076  49649  34825  51862  59375  65332  69076  68396  74049  71892  65892  78431  37430  48043  42623  21768  33897  42649  47762  52468  33576  56348  57505  65038  59892  62970  76623  69043  62340  58649  32430  37104  49766  59043  43553  43947  46414  48318  32430  34315  44968  40315  31430  45430  61892  60396  63961  61348  74076  53076  53544  39800  59767  63000  56000  59309  47446  52430  53918  54430  59348  55961  61348
   9938  43187  27699  52060  44757  36169  23755  46751  46256  62515  54751  57830  41589      0  40854  37812  40664  44712  37712  56290  62271  35693  40016  51757  55927  54509  31473  19172  21468  57713  55658  47207  62159  55290  65673  71401  64712  31207  51936  52509  26032  39722  33582  41540  41936  46256  55256  57751  51751  67290  48290  57902  31830  15611  46757  52509  45621  31675  20611  29207  35712  37897  53751  60830  70830  80902  71199  61509  50290  37311  51974  70902  38413  36154  39274  43177  45290  49175  60827  55175  48942  58290  46751  39256  40169  34207  46936  26936  46751  21660  59974  36207  29207  32169  23162  25290  27778  26290  32207  30169  34207
  30502  69591  45142  78118  66161  45777  43195  65320  57864  88920  77320  77399  67994  40854      0  39256  36815  47320  55320  73859  87676  57098  54459  65161  81332  75914  56069  43769  47065  84118  81063  70777  85728  82694  91730  97806  77320  36777  37087  69914  50437  50165  34733  35691  32087  53864  64864  72320  67320  82859  74694  84307  54399  38032  71161  74914  63065  41119  42841  40777  49320  39505  74320  82399  89399 107307  96604  76914  75694  62716  76379  97307  57818  55598  55717  58621  72694  75580  87232  82580  74347  84694  62320  51864  46777  37777  40087  40341  68320  43268  82544  34777  39777  39777  42710  42694  43347  40694  37777  42777  34777
  26460  65550  36120  70076  51872  52570  43989  69048  65658  82878  78114  81193  58605  37812  39256      0  48066  58048  59114  78653  84634  44056  38417  48120  69290  59652  47027  40727  42023  72828  79021  70570  85522  75653  83689  90416  85114  41570  48338  52652  41395  35595  31984  31773  44338  63591  73658  79114  73114  88653  68653  79265  55193  32990  58872  60872  47023  31201  36799  44570  55114  49338  76114  84193  94193 102265  93562  59872  66653  60674  74337  92265  42776  41556  40676  42579  65305  67538  78943  74190  64057  78653  68114  58658  55504  45570  52338  36299  70114  44062  83337  44570  42570  45570  42668  43653  46141  40653  42570  46570  41570
  27312  64402  48953  75928  69972  36587  39006  57131  47674  84731  70131  68209  67805  40664  36815  48066      0  36131  47131  63670  81486  59908  60270  71972  82143  79724  55880  39579  44875  82928  74873  63587  78538  79505  89541  94616  66131  35587  41897  75724  51248  57976  41380  45337  31897  42674  53674  61131  57131  71670  71505  79118  48210  36842  72972  77724  68876  46929  43651  37587  41131  29897  65131  74209  79209 102118  90415  83724  75505  57527  70189  92118  61628  59409  61528  64432  70505  74390  85043  80390  74157  81505  52131  41674  36587  31587  31897  43151  61131  38078  74354  30587  37587  34587  39521  41505  39157  40505  34587  37587  33587
  28294  63384  56934  76662  75772  35635  40987  51084  39693  82779  64178  61228  69505  44712  47320  58048  36131      0  43436  56689  77468  65642  69318  81020  83904  84486  59928  39627  46923  84662  70921  59635  72586  78487  89523  92250  56150  43569  50402  81257  56229  66957  50818  55775  42402  34645  43693  52150  49150  62689  70487  77099  45515  39824  76772  81486  75857  55911  47699  42635  38112  34726  59502  67515  71228  99166  86463  91772  77553  55508  66171  89099  68676  66390  68510  72480  71139  75024  84777  80091  75891  80205  46150  35980  31998  39635  37726  51199  55436  38060  68336  40569  44569  39635  43569  46553  42139  47487  42569  41569  43635
  15312  45450  51001  59976  64772  36635  32053  35436  35046  64779  47178  47581  54853  37712  55320  59114  47131  43436      0  45042  59534  56956  63318  74020  70191  73772  46928  23540  30923  68728  52921  41635  56586  60553  71589  74316  52502  45635  63402  72591  46296  63024  52884  60842  53402  38980  45046  45502  39541  55080  53553  59166  27258  26890  64020  70772  67924  53977  37699  41635  33091  43363  43178  52257  59581  81166  68463  83772  61592  37574  48237  71166  60676  58457  61576  65480  54553  58438  67843  63438  60957  63553  34541  32674  38635  43635  52402  48199  38178  25078  52402  47635  43635  41635  36569  42553  38205  45553  44635  39635  47635
  28939  49028  69540  66554  80598  54174  51593  36641  43212  63357  41157  34194  66431  56290  73859  78653  63670  56689  45042      0  53112  73534  80857  91598  79769  87350  60506  34205  43501  75554  48499  42213  46564  63131  73167  71242  40155  64213  79941  89350  62874  80563  72424  80381  69941  48233  44699  35194  35194  37734  59131  57744  39160  42469  75598  84350  84463  73517  55277  60213  49718  60226  35480  38559  41273  73744  59041  99350  70131  44153  45815  66744  77254  75996  79115  83019  62131  66016  70669  68016  70536  64131  38707  46585  53498  62174  67265  67777  38993  41665  41380  65174  63213  60174  56147  61131  57744  64131  63213  58174  66213
  29919  38008  72520  46534  70331  70990  60409  53468  65078  35337  40573  46651  54063  62271  87676  84634  81486  77468  59534  53112      0  69514  78837  85578  60749  72111  54486  34186  37481  54287  32111  44029  34612  40111  46147  41875  67534  76029  96758  78111  60854  80543  81404  89361  85758  71011  70078  62534  59573  62112  43111  32724  46652  42410  62331  70331  78443  78497  56258  72990  66534  77719  46573  39651  53651  45724  34427  88331  53111  39133  36795  36724  73234  72976  76096  77999  48111  47997  45401  45649  54516  40111  59534  66078  72990  76990  86758  74758  47573  51482  36796  79990  74029  73990  64127  71111  68561  73111  76029  70990  79029
  16938  51430  33942  51956  40690  57412  42583  63642  66499  65759  67995  73073  40833  35693  57098  44056  59908  65642  56956  73534  69514      0  41656  50204  50171  50424  29908  29608  27308  53709  64902  60451  73402  58533  64569  72297  83708  50451  68180  47442  29168  41950  46578  51783  60180  67433  75252  76956  69995  85534  52533  63146  48074  22468  42701  48424  43069  38919  27872  49451  55708  58141  67995  74073  86073  84146  77443  58957  47533  47555  61970  74146  36301  35834  38914  41818  47533  49419  60823  55071  44938  60533  64956  59499  61412  54412  66180  42180  61995  39904  71971  55165  48204  52412  42549  45533  48982  45533  51451  51412  52451
  24664  60753  35304  60279  45079  60774  48193  71318  71861  75082  76318  81396  49156  40016  54459  38417  60270  69318  63318  80857  78837  41656      0  43841  56742  53061  39231  38930  36226  61279  74224  68774  82725  67856  72892  81967  90318  51774  64541  46079  36599  36443  45188  46145  58541  71861  80861  83318  77318  92857  61856  72469  56397  29194  50089  53061  40745  36281  34002  52774  61318  60503  76318  83396  94396  93469  86766  55593  55856  56878  71540  83469  38690  39157  35976  36880  56856  58742  69394  64742  53509  69856  72318  64861  64774  55774  66541  43503  70318  46265  81541  55774  50774  54774  46872  48856  53344  47856  52774  54774  52774
  34405  68494  47006  65368  47167  72476  59934  82059  83563  79823  85059  91137  54897  51757  65161  48120  71972  81020  74020  91598  85578  50204  43841      0  57830  50150  46972  47671  44967  63368  81965  78515  90466  72597  75981  85708 101020  63515  75244  41167  46340  43675  56890  55847  70244  83563  92563  94059  88059 103598  68597  78210  66138  39935  53178  52150  40833  47983  44743  64515  73020  72205  86059  92137 104137  97210  92507  45930  59597  65619  79281  88210  47238  48666  45447  41389  62597  63483  72483  68483  57597  74597  83059  76563  76476  68515  78244  55244  80059  58006  89282  67515  62515  67476  58613  61597  65085  59597  64515  66515  64515
  27356  50665  59177  39539  43583  75895  59846  71386  80734  51994  68229  76308  40068  55927  81332  69290  82143  83904  70191  79769  60749  50171  56742  57830      0  40102  41143  37803  34138  33363  60136  63934  68637  46768  45152  54879  92452  72686  92414  48068  48511  59795  71322  77018  83414  83668  87514  86438  80477  91978  47768  53381  58309  36067  35830  37830  51695  64154  46914  70895  71904  79375  72229  73308  87308  67381  65926  55583  36016  49051  59713  59381  51139  53633  54347  54251  42768  39653  41434  40653  35016  47016  76191  75668  79581  76895  88662  66662  68229  55138  69233  76427  69427  73647  63031  66768  69217  67768  73686  71647  75686
  30642  60247  52539  52120  42150  76229  60427  77486  83096  65575  77811  85890  45649  54509  75914  59652  79724  84486  73772  87350  72111  50424  53061  50150  40102      0  41725  43385  38720  45901  71718  72267  80219  59350  59733  68241  98552  69048  86996  41150  44873  56115  65422  67380  78996  86249  92096  91772  86059  99598  57350  65962  61671  37648  40931  36150  46014  56515  46496  69229  73552  77957  80811  83890  96670  81962  79259  46902  46597  57151  69814  73962  49458  51886  51667  49570  52350  51235  56015  54235  43130  60350  81772  78249  78942  74476  86244  61996  73591  57720  79815  74009  67009  72229  62365  65350  68799  65350  71267  69009  72267
   9938  36402  34914  37928  33972  50384  35803  51900  56471  51731  53967  60045  26805  31473  56069  47027  55880  59928  46928  60506  54486  29908  39231  46972  41143  41725      0  18197  17162  41928  49873  46423  58374  43505  51541  58616  71928  47423  67151  42725  23652  40937  47798  53755  58151  59405  66471  64967  58967  72506  37505  48118  36155  15768  31972  38725  39837  40891  22990  45423  47928  54113  54967  60045  73045  70118  62415  52725  34505  33527  47189  60118  33628  33370  36489  38393  33505  35391  47043  42391  32910  46505  53967  51471  54384  50384  63151  41151  48967  30984  58190  52384  44423  48384  36521  41505  42954  42505  48423  45384  50423
   4394  19204  29613  28628  35424  30083  20486  25561  32171  35430  28666  33745  24204  19172  43769  40727  39579  39627  23540  34205  34186  29608  38930  47671  37803  43385  18197      0  11618  36628  28573  21122  35073  30204  41240  45316  46627  33122  53851  45424  20827  39636  37497  45455  42851  36104  41171  38666  32666  46205  22204  30817  17014  10224  32671  40385  40536  34590  16689  29122  27540  35812  28666  34745  46745  53817  43114  54424  29204  15204  23889  43817  34328  33069  36189  39092  22204  26090  36703  31090  28570  32204  28627  29083  34083  34083  45851  30851  22666  14992  32850  37083  30083  31083  21220  27204  25654  29204  33122  29083  36122
   4938  20827  29909  25924  31720  37379  25368  34896  41467  36726  34962  42040  19500  21468  47065  42023  44875  46923  30923  43501  37481  27308  36226  44967  34138  38720  17162  11618      0  33924  32869  26745  41369  29500  39536  45612  54923  37418  58147  40720  19052  37932  39793  46750  48147  44400  50467  47962  41962  55501  22500  32113  23222  10768  27967  35720  37832  35886  15768  34418  33923  42108  36962  42040  55040  55113  46410  50720  25500  19827  29184  45113  31623  30365  34485  36388  19500  23386  35038  29386  24905  32500  37923  36467  41379  39379  52147  33147  30962  20352  40185  42379  34418  36379  26214  31500  30950  33500  37418  34379  40418
  28113  46203  61715  34901  49120  75432  61603  69662  78272  44779  63015  71846  40853  57713  84118  72828  82928  84662  68728  75554  54287  53709  61279  63368  33363  45901  41928  36628  33924      0  54922  59471  63422  40306  38514  47417  89728  74224  95200  53901  50048  64333  74598  80556  85200  82453  86272  82976  77363  87554  43306  46919  55847  36604  40120  44120  57233  67691  48700  72432  72728  79913  68015  67846  81846  60166  58463  62120  34901  46327  54990  51919  55676  57171  58885  59137  40306  36191  36016  35016  34901  40553  73976  74272  79185  77780  90547  68200  63767  54676  63991  79185  72224  74432  63569  68553  69755  69306  75224  72185  77471
  23306  33395  66907  45922  67965  64377  54796  46960  58465  39724  34960  43039  51798  55658  81063  79021  74873  70921  52921  48499  32111  64902  74224  81965  60136  71718  49873  28573  32869  54922      0  37416  33999  40498  49882  48610  62921  70416  90145  76718  56241  75930  75791  82749  79145  64465  64465  56960  52960  58499  40498  34111  40039  36836  59965  68718  74830  72884  50645  66416  59921  71106  40960  38039  52039  53111  40408  85718  51498  32520  30814  44111  69622  68363  71483  74386  45498  46384  47036  46384  53151  41498  52960  59465  66377  70416  80145  69145  40960  44869  34183  73416  67416  67377  58514  64498  62986  67498  69416  64377  72416
  15856  32945  59457  50819  65515  53091  44549  36674  48178  50274  33674  39752  50348  47207  70777  70570  63587  59635  41635  42213  44029  60451  68774  78515  63934  72267  46423  21122  26745  59471  37416      0  41081  48048  59432  60159  55635  60130  79859  74267  49791  69480  66341  74298  68859  54178  54178  48674  43674  54213  43048  44661  29753  30386  60515  68267  71380  64434  43194  56130  48635  59820  34674  39752  52752  65661  52958  84267  54048  28070  32732  56661  64171  62913  67380  69936  47048  49934  55586  51934  54700  50048  42674  48178  55091  60130  68859  59694  30674  34621  38897  63130  57130  57091  48064  55048  52700  58048  59130  54091  62130
  30807  41896  74408  54770  76466  68042  59461  48538  60042  45225  36025  39103  60299  62159  85728  85522  78538  72586  56586  46564  34612  73402  82725  90466  68637  80219  58374  35073  41369  63422  33999  41081      0  48999  56383  51110  59986  75081  94810  85219  63742  83431  81292  89249  83810  65130  64530  56025  54025  53564  48999  41612  44704  44337  69466  77219  83331  79385  58145  71081  62586  74771  42025  33025  45103  51612  37909  95219  60999  40021  36683  45612  77122  76864  79983  82887  53999  55885  54537  53885  61652  48999  54538  61130  69042  75081  83810  74646  43538  49534  30801  78081  73081  72042  64015  69999  67651  72999  75081  70042  78081
  23590  35027  63539  32553  57350  70009  57428  58487  69096  33356  49592  57670  42430  55290  82694  75653  79505  78487  60553  63131  40111  58533  67856  72597  46768  59350  43505  30204  29500  40306  40498  48048  48999      0  37166  40894  77553  72048  92777  65130  51873  69562  74423  81380  82777  74030  76096  70553  65592  74131  34130  32743  47671  34468  48597  56350  65462  69516  48276  69048  65553  75738  55592  53670  67670  52743  46040  74350  39130  37152  41814  41743  61253  61995  65114  66018  37130  35016  33420  32016  40535  29130  63553  67096  73009  74009  85777  67777  52592  48500  50815  76009  69048  71009  60146  66130  65579  68130  72048  68009  75048
  33726  47063  71575  39166  60733  81393  67464  69561  80132  35392  59628  67706  49466  65673  91730  83689  89541  89523  71589  73167  46147  64569  72892  75981  45152  59733  51541  41240  39536  38514  49882  59432  56383  37166      0  35629  87589  82084 102813  66513  59909  75946  83459  90416  92813  85066  86885  81975  76975  83515  45166  40779  58707  44504  51981  56733  69846  77552  57312  79432  76589  85774  65628  61706  76706  46779  48424  74733  43514  48188  52850  39779  67637  68031  70498  71402  46166  42052  30629  36629  44919  35514  75589  78132  84045  84393  96160  77160  63628  59537  58851  86798  79084  81393  70530  76166  75615  77166  82084  79045  85084
  38701  48791  79303  46665  70461  84120  72191  70250  80860  34241  57703  64434  57194  71401  97806  90416  94616  92250  74316  71242  41875  72297  81967  85708  54879  68241  58616  45316  45612  47417  48610  60159  51110  40894  35629      0  85316  86812 107888  76241  66637  84673  90186  97144  97888  87141  86860  80664  76703  80242  49241  40507  60435  50540  60461  66461  78573  84279  63388  84120  79316  89849  64703  57434  70434  37629  40926  84461  52241  50915  52578  32629  76365  76759  79226  80129  51894  49127  37532  42779  53646  39241  75664  79860  86706  89120  99888  83888  63355  63612  54579  90773  83812  86120  75257  81241  80343  82894  86812  82773  90159
  39360  63450  78001  79976  90772  58635  59053  48063  45673  77779  55578  44695  78505  64712  77320  85114  66131  56150  52502  40155  67534  83708  90318 101020  92452  98552  71928  46627  54923  89728  62921  55635  59986  77553  87589  85316      0  69635  80402  98257  73296  89024  77884  84842  72402  47693  40198  35655  42655  36194  72553  72166  49582  52890  87772  94552  94924  80977  64699  66635  55178  62687  49902  51981  46695  87166  73463 109772  83592  56574  60237  81166  87676  85457  88576  92480  75205  79091  84843  81091  83957  78205  45129  51046  55959  65635  67726  74199  51415  51126  55802  68635  68635  64635  63569  68553  64205  70553  68635  63635  70635
  19856  58945  39457  68471  60267  37091  32510  55569  50178  78274  66674  67752  59000  31207  36777  41570  35587  43569  45635  64213  76029  50451  51774  63515  72686  69048  47423  33122  37418  74224  70416  60130  75081  72048  82084  86812  69635      0  46859  65048  42791  49480  34341  41298  36859  48112  58178  63635  58674  74213  64048  73661  43753  28347  63267  68267  59380  38434  34194  30091  39635  34820  63674  71752  79752  96661  84958  74267  67048  52070  65732  86661  52171  49913  52032  54936  61700  65934  77338  71586  65453  75048  52635  43178  40025  30091  41859  33694  58674  32583  71897  31091  29130  30091  32064  32048  32661  31048  27130  32091  29130
  40584  79674  56224  89200  76996  52859  53277  72336  62946  99002  85402  84481  79076  51936  37087  48338  41897  50402  63402  79941  96758  68180  64541  75244  92414  86996  67151  53851  58147  95200  90145  79859  94810  92777 102813 107888  80402  46859      0  79996  61519  60247  45651  42609  37169  57879  67946  76402  73402  86941  84777  94389  63482  49114  82244  85996  74147  52201  53923  50859  56402  45587  81402  90481  95481 117389 105686  86996  86777  72798  85461 107389  67900  66680  66800  68703  82777  86662  98314  92662  85181  95777  68402  57946  52859  45859  39169  51423  76402  53350  90626  42859  49859  48859  52792  53777  53429  51777  46859  51859  43859
  30642  63027  47539  56901  41167  73229  58171  78296  82096  72575  81811  86670  49649  52509  69914  52652  75724  81257  72591  89350  78111  47442  46079  41167  48068  41150  42725  45424  40720  53901  76718  74267  85219  65130  66513  76241  98257  65048  79996      0  43873  49132  59127  60380  73996  84316  90801  92811  87059 101350  61130  70743  62671  36467  45931  41387  39071  50515  44496  66267  71257  72737  82811  86670  99670  89962  86259  43682  52597  59856  73519  79743  45476  47904  45684  42588  56130  56015  63720  61235  48835  67350  81811  75096  77009  70515  80996  57996  75591  55539  83520  69753  62753  69229  59365  62350  64618  60130  66048  66048  67267
  10544  42770  30301  46296  37092  46752  33171  53229  55839  59099  57334  63413  34825  26032  50437  41395  51248  56229  46296  62874  60854  29168  36599  46340  48511  44873  23652  20827  19052  50048  56241  49791  63742  51873  59909  66637  73296  42791  61519  43873      0  37305  42166  48123  52519  56773  64839  66296  59334  74874  44873  55486  37414  16074  38092  44092  39205  35259  21074  40752  46296  49480  58334  64413  76413  77486  69783  55092  42873  37895  52557  67486  31996  30777  33857  37761  40873  43758  55163  50411  41278  54873  54296  49839  51752  45752  58519  35519  51334  29648  62558  47752  39791  43752  32889  36873  39322  37873  42791  41752  44791
  25370  62459  35416  63333  48132  58480  47899  70957  70567  77788  77024  82102  51862  39722  50165  35595  57976  66957  63024  80563  80543  41950  36443  43675  59795  56115  40937  39636  37932  64333  75930  69480  83431  69562  75946  84673  89024  49480  60247  49132  37305      0  41894  40851  55247  70501  79567  83024  77371  92911  63562  74175  56103  30900  54143  56115  42579  35458  34708  50480  60024  57209  77024  84102  95102  96175  88472  55427  58910  57584  72246  86175  39983  39450  37617  38521  59562  61448  72448  67448  56562  72562  71024  63501  62414  53828  63595  41209  71024  45971  82247  53480  48480  52480  46578  47562  51050  45562  50480  52480  49480
  23230  63320  35871  69846  56642  45341  38759  62818  58428  81649  72884  74963  59375  33582  34733  31984  41380  50818  52884  72424  81404  46578  45188  56890  71322  65422  47798  37497  39793  74598  75791  66341  81292  74423  83459  90186  77884  34341  45651  59127  42166  41894      0  33419  38651  56362  66428  71884  65884  82424  67423  77036  49964  30760  61642  64422  53794  31847  34569  37341  47884  42069  70884  78963  87963 100036  90333  68642  67423  56444  71107  90036  47546  46327  46446  49350  64075  66961  78713  73961  65828  77075  60884  51362  48274  38341  46651  32777  64884  38832  78108  36341  35341  38341  37439  37423  39911  34423  35341  40341  33341
  31188  70277  40828  76803  59600  52298  46717  70775  65385  88606  80842  82920  65332  41540  35691  31773  45337  55775  60842  80381  89361  51783  46145  55847  77018  67380  53755  45455  46750  80556  82749  74298  89249  81380  90416  97144  84842  41298  42609  60380  48123  40851  33419      0  40609  62319  73385  78842  73842  89381  74380  84993  57921  37718  66600  67380  54751  35805  41527  45298  55842  48027  78842  86920  94920 107993  98290  67600  73380  64402  79064  96993  50503  49284  48403  50307  71033  73918  85670  79918  70785  84380  68842  58385  54232  44298  48609  40027  72842  46789  86065  42298  43298  46298  45396  45380  47868  42380  42298  47298  40298
  30584  68674  48224  79200  69244  41859  42277  62402  53946  89002  75402  74481  69076  41936  32087  44338  31897  42402  53402  69941  85758  60180  58541  70244  83414  78996  58151  42851  48147  85200  79145  68859  83810  82777  92813  97888  72402  36859  37169  73996  52519  55247  38651  40609      0  49946  59946  67402  63402  77941  74777  83389  52482  39114  73244  77996  67147  45201  44923  39859  46402  35587  71402  79481  85481 106389  94686  81996  76777  61798  74461  96389  60900  58680  59800  62703  72777  76662  88314  82662  76181  84777  58402  47946  42859  34859  34169  42423  66402  42350  80626  31859  39859  37859  42792  42777  42429  41777  36859  40859  33859
  26838  58927  59478  73453  76316  37178  41531  43693  32255  78256  57656  52772  68396  46256  53864  63591  42674  34645  38980  48233  71011  67433  71861  83563  83668  86249  59405  36104  44400  82453  64465  54178  65130  74030  85066  87141  47693  48112  57879  84316  56773  70501  56362  62319  49946      0  37189  43693  41693  54233  67030  71643  41059  39368  76563  83249  78401  60455  48243  46178  36656  40164  52046  59058  62772  92709  79006  93316  75096  51052  60714  83643  71220  67934  71053  75023  68030  71916  81568  76982  74435  77096  38693  33541  34436  44178  45270  54743  48980  35603  60879  46112  48112  43178  45112  49096  43682  50030  46112  43112  48112
  32904  60993  68544  77272  84316  47178  49597  44606  36168  78322  57122  50238  74049  55256  64864  73658  53674  43693  45046  44699  70078  75252  80861  92563  87514  92096  66471  41171  50467  86272  64465  54178  64530  76096  86885  86860  40198  58178  67946  90801  64839  79567  66428  73385  59946  37189      0  38198  38673  46699  70096  72709  44125  46434  82316  89096  86467  70521  56243  56178  45722  51231  51446  57524  57238  91709  77006 102316  80096  54118  60781  83709  79220  77000  80119  84023  71749  75634  83386  79634  79501  77749  39673  41502  44502  55178  55270  64743  49959  42670  60345  57178  58178  54178  54112  58096  53749  60096  57178  53178  59178
  32360  56450  71001  73324  84059  52635  52053  40063  39673  71817  49617  40695  71892  57751  72320  79114  61131  52150  45502  35194  62534  76956  83318  94059  86438  91772  64967  38666  47962  82976  56960  48674  56025  70553  81975  80664  35655  63635  76402  92811  66296  83024  71884  78842  67402  43693  38198      0  34655  39194  65553  66166  42582  45929  81059  88772  87924  73977  57738  60674  49178  57687  43941  47981  47695  83205  68502 102811  76592  49574  54237  75205  80715  78457  81924  85480  68553  72477  78091  75477  77205  72592  38168  45046  50959  60674  63726  68238  44415  44165  50802  63635  62635  59635  56607  61592  57205  64553  62635  57635  64674
  26399  50489  65001  68363  78059  47674  46092  34102  35711  67817  46617  40734  65892  51751  67320  73114  57131  49150  39541  35194  59573  69995  77318  88059  80477  86059  58967  32666  41962  77363  52960  43674  54025  65592  76975  76703  42655  58674  73402  87059  59334  77371  65884  73842  63402  41693  38673  34655      0  44194  59592  61205  36621  39929  75059  83059  81962  67977  51738  54674  43178  53687  40941  47020  50734  80205  66502  96811  70592  44613  49276  72205  74715  72457  75924  79827  62592  66477  73477  69477  71592  67592  32168  40046  46959  55674  60726  62238  39454  37165  48841  58674  56674  53635  50607  55592  52244  58592  57674  52674  59674
  40900  61028  81540  77902  92598  63174  61593  48602  50212  73357  51157  38273  78431  67290  82859  88653  71670  62689  55080  37734  62112  85534  92857 103598  91978  99598  72506  46205  55501  87554  58499  54213  53564  74131  83515  80242  36194  74213  86941 101350  74874  92911  82424  89381  77941  54233  46699  39194  44194      0  70131  67744  51160  54469  87598  96559  96463  84517  67277  70213  59718  68226  47480  44559  40194  80744  66041 111350  82131  55153  56776  74744  89254  87996  91463  94019  74131  77016  80630  79016  83131  75131  48707  55585  61498  71213  74265  78777  50993  53704  49341  74174  73174  70174  67147  72131  67783  75131  73213  68213  75213
  15938  29027  56539  33553  53350  62009  49428  52525  62096  40356  46592  54670  37430  48290  74694  68653  71505  70487  53553  59131  43111  52533  61856  68597  47768  57350  37505  22204  22500  43306  40498  43048  48999  34130  45166  49241  72553  64048  84777  61130  44873  63562  67423  74380  74777  67030  70096  65553  59592  70131      0  36743  39671  27468  46597  54350  61462  62516  41276  61048  58553  67738  50592  52670  66670  59743  51040  72350  38130  30152  38814  48743  56253  55995  59114  61018  31130  33016  40668  36016  38535  37130  57553  59096  65009  66009  77777  60777  47592  40500  49815  69009  61048  63009  52146  58130  57579  60130  64048  60009  67048
  25551  34640  67152  39166  62962  69622  58041  55099  66709  31743  44205  52283  48043  57902  84307  79265  79118  77099  59166  57744  32724  63146  72469  78210  53381  65962  48118  30817  32113  46919  34111  44661  41612  32743  40779  40507  72166  73661  94389  70743  55486  74175  77036  84993  83389  71643  72709  66166  61205  67744  36743      0  46284  38081  55210  62962  71075  73129  51889  69661  65166  75351  50205  47283  61283  48356  39653  80962  45743  35765  37427  38356  66866  66608  69727  71631  41743  41629  38033  38281  47148  32743  61166  65709  72622  74622  85389  70389  49205  49113  43428  77622  70661  71622  61759  67743  66192  69743  73661  68622  76661
   9856  34671  45080  47094  54890  37714  28547  29621  36125  51897  36297  39699  42623  31830  54399  55193  48210  45515  27258  39160  46652  48074  56397  66138  58309  61671  36155  17014  23222  55847  40039  29753  44704  47671  58707  60435  49582  43753  63482  62671  37414  56103  49964  57921  52482  41059  44125  42582  36621  51160  39671  46284      0  20130  51890  59852  59003  49057  29926  39714  32258  43443  34297  42375  52699  68284  55581  73890  48671  27796  35355  58284  52794  50536  54655  57559  41671  45557  53961  49209  49076  49671  32582  32801  39714  43714  53482  44317  28297  20401  41520  46714  41714  40714  32687  38671  36284  41671  42753  37714  46753
   3544  23365  21896  30891  28687  30347  15765  32824  37434  41694  37929  43008  21768  15611  38032  32990  36842  39824  26890  42469  42410  22468  29194  39935  36067  37648  15768  10224  10768  36604  36836  30386  44337  34468  44504  50540  52890  28347  49114  36467  16074  30900  30760  37718  39114  39368  46434  45929  39929  54469  27468  38081  20130      0  27935  34648  32800  26853  14074  25386  27890  34075  37929  44008  55969  60081  51378  47687  29468  20626  33113  50081  25591  24333  27452  30356  24468  28353  39967  34353  27834  37468  34890  31434  34347  31347  43114  24114  31890  14142  42114  33347  25347  28347  18181  22468  21347  24468  29386  26347  31386
  21157  48494  48759  41368  38178  67476  52647  67811  73316  55823  66059  74137  33897  46757  71161  58872  72972  76772  64020  75598  62331  42701  50089  53178  35830  40931  31972  32671  27967  40120  59965  60515  69466  48597  51981  60461  87772  63267  82244  45931  38092  54143  61642  66600  73244  76563  82316  81059  75059  87598  46597  55210  51890  27935      0  37178  46043  53735  37743  61515  64772  70205  69059  72137  85890  73210  69507  54931  35597  46371  59034  64210  44487  45915  47695  48599  40597  40483  48235  44483  33597  50597  71059  68563  71229  67476  79244  56244  63811  47967  69035  68267  61267  64476  53613  57597  60085  58597  64515  62229  66515
  26937  56247  51539  48120  41150  74229  58427  74486  81316  62575  74811  81890  42649  52509  74914  60872  77724  81486  70772  84350  70331  48424  53061  52150  37830  36150  38725  40385  35720  44120  68718  68267  77219  56350  56733  66461  94552  68267  85996  41387  44092  56115  64422  67380  77996  83249  89096  88772  83059  96559  54350  62962  59852  34648  37178      0  47014  55515  43496  67476  70486  75891  76811  79890  93890  78962  76259  49902  42597  53151  65775  69962  48458  50886  51667  49570  49350  47235  53015  51235  40130  57350  78772  75249  76942  72476  84244  59996  71772  54720  75815  72009  65009  70229  59365  63350  65799  63350  69267  68229  70267
