NAME : E-n101-k14 path problem
COMMENT : (Number 158)
TYPE : SPPCC
DIMENSION : 101
EDGE_WEIGHT_TYPE : EXPLICIT
EDGE_WEIGHT_FORMAT : FULL_MATRIX
EDGE_WEIGHT_SECTION
      0  15000  17807  22000  24537  21000  11000  21000  25598  32000  25000  33598  15000  11000  32000  29614  29000  30000  16000  32000  31904  18000  26807  35537  30000  32978  11000   5000   6000  29904  25000  17000  34000  24904  35904  41000  41000  21000  42000  33074  11000  28614  25000  33807  32000  29000  35000  34000  28000  44000  17000  27000  11000   4000  23000  29537  29000  22614   9000  18000  18000  25000  25000  34598  46598  50000  40000  43074  21000  12000  21000  40000  22000  20000  25000  28000  16000  20000  30904  26000  21000  28000  23000  21000  24000  23000  35000  18000  19000   9000  31598  26000  18000  20000  12000  15000  15000  17000  21000  17000  24000
  15000      0  32807  15504  31537  32000  25000  21000  31598  20472  16504  25598  17504  26000  47000  44614  42000  41000  23000  28000  18472  29000  38807  45537  28504  37074  19000  11504  12504  24408  11740  10504  21504  12504  25408  27504  41000  36000  57000  41074  24000  41614  41000  48807  46000  37000  39000  34000  28000  40000   6504  12504  15000  18000  26000  33537  39000  37850  24000  32000  28000  38000  19000  24102  37598  35504  25504  50074  18504   4504   8504  25504  34000  32000  36000  39000  11504  13504  22376  16504  19504  15504  26000  30000  35000  37000  48000  34000  14598  21000  21102  40000  33000  34000  27000  30000  29000  32000  36000  31000  39000
  17807  32807      0  33807  20506  24969  16969  36969  36567  46807  43969  50567  22807   9969  21969  13583  25969  33969  27969  47969  48711  10969  12776  23506  34711  28881  15807  22807  20807  37711  43043  35969  52969  38711  47711  55807  54969  15969  32969  25043   9969  12583  12969  18776  24969  36969  45969  47969  41969  59969  31807  42807  27969  13807  24807  28248  19969   7205   9969  16969  25969  24969  42969  53567  63567  65807  57807  34043  29807  29807  38807  55807  12969   9969  12969  15969  28807  31807  43711  37807  28807  41807  36969  29969  28969  20969  31969   7969  36567  20969  50567  20969  14969  18969  13969  12969  16969  11969  16969  17969  17969
  22000  15504  33807      0  28689  43000  34000  35000  44598  19656  29504  39598  15656  32000  53000  46614  51000  52000  35000  43000  25590  30182  38989  43689  18656  30226  21077  21504  18549  13656  21504  25504  31504  11656  18560  26656  55000  43000  64000  36226  27107  42796  45000  52807  54000  49000  53000  48000  43000  54000  12656  18656  28000  23000  20152  26689  36182  39614  27000  40000  40000  48000  34000  37102  50598  37656  33656  45226  10656  18504  21504  27656  33182  33182  36182  38182  11656   7656  13560   8656  12656  13656  40000  42000  46000  45000  58000  38000  30000  31000  33102  48000  40000  43000  34000  37000  38000  38000  43000  40000  46000
  24537  31537  20506  28689      0  41699  32699  46699  51297  43689  47699  57297  19689  25699  41699  29313  45699  51699  40699  57699  48623  16037  19844  26552  21689  19926  16614  27537  23582  27689  42537  40699  53699  35689  39593  49689  66699  35699  52699  21015  18806  23650  32699  36506  44699  52699  60699  59699  53699  69699  31689  41689  36699  20537  14844  17389  19045  24313  20699  34699  40699  43699  49699  56297  70297  60689  56689  30088  22689  31537  39537  51689  15037  17037  17037  17037  26689  26689  36689  31689  20689  37689  48699  44699  45699  39699  51699  27699  43699  33699  53699  40699  33699  37699  30699  30699  34699  30699  36699  36699  37699
  21000  32000  24969  43000  41699      0  13182  24343  16941  50000  35634  38343  35000  18534  23343  30248  14343  13343  14343  33343  46000  33163  36969  47699  50000  50074  30000  22000  27000  50000  39472  28634  45634  44000  56000  59000  36343  14343  30343  48236  26163  35776  21634  29441  19343  15343  25343  30343  25343  42343  36000  44000  21343  22000  42000  48537  43163  26248  22163  11343   7343  10343  32343  42634  49941  66000  55000  58236  42000  28000  34000  57000  36163  33163  36163  40163  36000  40000  51000  46000  42000  47000  20343  10343   7343  11343  19343  20534  28343  15343  41634  14343  13695  10343  13534  14534  11343  15534  13343   9343  15343
  11000  25000  16969  34000  32699  13182      0  23780  22780  42000  31232  37780  25000   9534  25182  26248  21182  23182  14182  35182  39904  23163  28969  39699  39904  39978  20000  14000  17000  40904  34472  24634  41634  35904  46904  52000  41182  14182  35182  39236  17163  29776  19634  28441  24182  24182  32182  34182  28182  45182  28000  37000  16182  12000  32000  38441  34163  20248  13163  10182  12182  17182  31182  40232  50780  60000  49000  49236  32000  21000  29000  50000  27163  24163  28163  32163  27000  31000  41904  37000  31904  38000  23182  16182  17182  15182  27182  14534  24780   8182  38232  18182  11534  12182   5534   8534   7182  11534  14182   9182  17182
  21000  21000  36969  35000  46699  24343  23780      0  17090  36000  15232  20090  34000  29534  43343  47248  35343  27941  15492  16492  28904  40163  47969  57699  46502  53074  32000  18000  25000  44904  22472  12634  25634  32904  44904  46000  26492  33343  50343  55236  33163  48374  39232  48441  40343  23492  23492  18492  12492  28492  27000  30000  13343  25000  43000  50039  51163  41248  30163  29343  18941  30343  14492  21232  32090  50000  37000  65236  38000  17000  17598  41000  44163  42163  46163  50163  30000  34000  40502  37000  38000  35000  11492  19492  24343  31343  39343  35534   9343  19343  21232  33941  30293  29343  26534  28534  26343  31534  32343  27343  35343
  25598  31598  36567  44598  51297  16941  22780  17090      0  47598  27232  29090  40598  29132  35941  43846  25941  16941  15492  23090  40502  42761  48567  59297  55502  58672  36598  24598  31598  53502  34070  24232  37232  43598  55502  56598  24492  27941  40941  58834  35761  48374  35232  43039  31941  11492  14894  18492  14492  30492  36598  41598  19941  29598  48598  56135  53761  38846  31761  24941  13941  21941  26090  32232  39492  61598  48598  68834  46000  26598  29598  52598  46761  43761  47761  50761  38598  42598  51502  46598  45598  45598  11492  12492  14941  25343  29343  33132  20941  20941  33232  27941  26293  23941  25132  26132  22941  29132  26941  22941  28941
  32000  20472  46807  19656  43689  50000  42000  36000  47598      0  25504  34598  29656  43000  64000  59614  60000  58000  40000  40000  21182  44182  53989  58689  31656  44226  35077  28504  29549  26624  17472  25504  24472  14624  22153  20248  53000  53000  74000  51226  40107  57796  57000  64807  64000  54000  54000  47000  43000  50000  21597  13339  33000  34000  35152  41689  51182  52614  39000  50000  46000  56000  31000  29102  42598  29248  25248  59226  25656  22504  18504  19248  48182  47182  51182  52182  23656  21656  20437  18624  27656  12624  42000  47000  53000  54000  66000  50000  30000  38000  25102  57000  50000  52000  44000  47000  47000  49000  53000  49000  56000
  25000  16504  43969  29504  47699  35634  31232  15232  27232  25504      0  12232  32504  36634  53634  56248  46634  40232  23634  16634  16408  44163  52969  60699  43102  52074  34000  21504  25504  38504  10976  10138  12138  24504  35408  33504  29634  42634  61634  57236  37163  54374  49232  58441  51634  34634  31634  23634  20634  26634  21504  19504  18634  30000  41000  49135  54163  49248  36163  38634  30232  41634   7634  11138  24232  36504  23504  66236  33504  15504   8102  28504  48163  46163  51163  54163  26504  29504  32006  30504  35504  26504  21634  29634  36634  41634  50634  43634  10634  26634   9138  45232  40232  39634  34634  37634  35634  40634  42634  36634  45634
  33598  25598  50567  39598  57297  38343  37780  20090  29090  34598  12232      0  41598  43534  58343  61846  48941  40941  30090  12492  24502  51761  60567  69699  53598  62672  42598  28598  34598  49502  21472  18634  17634  34598  45502  42598  24492  47941  64941  66236  45761  62374  54232  63039  54941  35090  30492  20492  20492  19492  31598  29598  25941  37598  51598  59135  62761  54846  42761  44343  33941  44941  13492   9634  18492  44000  30000  76236  44000  24598  18598  36598  57163  54761  58761  61761  36598  39598  42502  41000  45598  37000  24090  34090  37941  46343  53343  50534  17343  33941  12232  48941  45293  44343  40534  43534  40941  46132  46941  41941  49941
  15000  17504  22807  15656  19689  35000  25000  34000  40598  29656  32504  41598      0  22000  43000  35614  43000  45000  30000  43000  33590  19182  27989  33689  19656  24226  10077  16504  11549  20656  27504  25504  37504  21656  29560  37656  54000  34000  54000  28226  16107  31796  35000  41807  44000  44000  50000  47000  41000  55000  16656  27656  24000  14000  13152  21689  26182  28614  17000  31000  33000  40000  35000  41102  54598  48656  42656  37226  11656  18504  25504  38656  22182  22182  25182  27182  11656  13656  24656  19656  10656  24656  37000  36000  39000  36000  49000  28000  29000  24000  37504  38000  31000  34000  25000  27000  29000  29000  34000  31000  36000
  11000  26000   9969  32000  25699  18534   9534  29534  29132  43000  36634  43534  22000      0  23534  21248  23534  27534  20534  40534  43000  17163  21969  32699  36000  34074  16000  16000  16000  38000  36472  28634  45634  35000  46000  52000  47534  13534  34534  33236  11163  22776  15634  24441  24534  29534  38534  40534  34534  51534  28000  38000  20534   9000  27000  32537  27163  14248   7163  11534  18534  20534  36534  45634  56132  61000  52000  42236  30000  23000  32000  51000  20163  17163  21163  25163  25000  29000  41000  35000  29000  38000  29534  22534  22534  16534  29534   9534  29534  13534  43634  18534  11534  14534   6534   7534  10534   8534  14534  12534  16534
  32000  47000  21969  53000  41699  23343  25182  43343  35941  64000  53634  58343  43000  23534      0  17248  16519  25343  33343  53343  62904  33163  30969  40699  56000  50074  36000  36000  37000  59000  56472  46634  63634  57000  66904  73000  55343  14343  16519  45236  30163  27776  10634  12441  11519  32343  43343  50343  45343  62343  49000  59000  38343  30000  46000  49537  39163  18248  27163  18343  27343  19519  52343  61232  69941  82000  72000  52236  50000  43000  51000  72000  34163  31163  32163  35163  47000  50000  62000  57000  49000  59000  40343  30343  24343  15343  19519  17534  46343  30343  60634  12343  16695  17343  22534  19534  21343  17534  15343  20343  12343
  29614  44614  13583  46614  29313  30248  26248  47248  43846  59614  56248  61846  35614  21248  17248      0  26248  36248  37248  58248  61518  21776  16583  25313  45518  36687  28614  34614  33614  49518  56085  48248  65248  51614  60518  67614  63248  19248  26248  30850  22776  12776  10248   8441  22248  42248  52248  57248  51248  68248  44614  55614  39248  26614  35614  37151  24776   8248  22776  22248  33248  27248  54248  64846  74846  78614  70614  36850  42614  42614  50614  68614  20776  18776  18776  20776  41614  43614  55518  50614  40614  54614  46248  37248  33248  23248  30248  14248  47846  31248  62846  22248  20248  23248  23248  21248  24248  18248  20248  24248  19248
  29000  42000  25969  51000  45699  14343  21182  35343  25941  60000  46634  48941  43000  23534  16519  26248      0  14343  25343  43343  56904  36163  36969  47699  57000  54074  36000  32000  35000  58000  50472  39634  56634  54000  64904  70000  44343  13343  21519  51236  31163  35776  17634  22441  11519  21343  32343  39343  35343  51343  46000  54000  32343  29000  48000  52537  45163  24248  28163  15343  19343   9519  43343  53232  59941  77000  66000  59236  50000  38000  45000  67000  38163  35163  38163  41163  45000  49000  60000  55000  49000  56000  30343  20343  14343   9343  11519  20534  39343  25343  52634   8343  14695  12343  19534  18534  17343  17534  12343  15343  11343
  30000  41000  33969  52000  51699  13343  23182  27941  16941  58000  40232  40941  45000  27534  25343  36248  14343      0  21343  34941  52904  42163  45969  56699  59904  59978  40000  32000  37000  59904  46472  35634  50634  52904  64904  68000  33343  21343  28343  58236  36163  44776  27634  33441  20343  11343  21343  29343  26343  41343  45000  52000  29343  32000  52000  57441  52163  33248  32163  20343  16343  12343  36941  46232  50941  74000  62000  67236  52000  36000  41000  64000  45163  42163  45163  49163  46000  50000  59904  55000  50904  55000  23343  14343   9343  17343  15343  28534  32941  25343  46232  18343  21695  17343  23534  23534  20343  24534  20343  19343  21343
  16000  23000  27969  35000  40699  14343  14182  15492  15492  40000  23634  30090  30000  20534  33343  37248  25343  21343      0  26492  34904  33163  39969  49699  45000  48074  27000  15000  21000  43904  28472  17634  34634  35000  46904  50000  32492  23343  41343  49236  26163  40776  29634  38441  31343  19492  25492  25492  19492  36492  28000  34000  11343  19000  39000  45537  44163  31248  22163  19343  10343  21343  23492  31232  42090  56000  44000  59236  36000  18000  23000  46000  37163  34163  38163  42163  29000  33000  42904  38000  36000  38000  14492  12492  16343  21343  30343  25534  16343  11343  30232  25343  20695  19343  16534  19534  16343  22534  22343  17343  25343
  32000  28000  47969  43000  57699  33343  35182  16492  23090  40000  16634  12492  43000  40534  53343  58248  43343  34941  26492      0  29904  51163  58969  68699  56000  63074  42000  28000  35000  52000  25472  19634  23634  39000  49904  48000  18492  43343  59343  66236  44163  59776  50634  59441  49343  29492  23492  13492  13492  17492  35000  34000  24343  36000  52000  60135  62163  52248  41163  39343  29343  39343  14492  16232  22090  50000  36000  76236  46000  26000  22000  43000  55163  53163  57163  61163  38000  42000  46904  44000  47000  40000  18492  28492  32343  41343  46343  46534  17343  30343  18232  43941  41293  39343  37534  39534  37343  42534  42343  37343  45343
  31904  18472  48711  25590  48623  46000  39904  28904  40502  21182  16408  24502  33590  43000  62904  61518  56904  52904  34904  29904      0  48086  57893  63719  39590  51160  37011  27408  29483  35558   9707  19504  13472  20558  31563  28278  42904  50904  71904  57256  42011  60700  56904  65711  60904  46904  45904  38000  35000  39000  23532  14369  27904  34904  41086  48623  57086  54754  39904  48000  41904  52904  21904  18006  31502  31278  19374  66256  31686  20408  12408  22278  52182  51086  55086  57086  26590  26590  30467  26654  33590  20654  34904  41904  47904  52000  62000  50000  22502  35904  14006  54904  48904  49000  42000  45904  43904  47904  50904  45904  53904
  18000  29000  10969  30182  16037  33163  23163  40163  42761  44182  44163  51761  19182  17163  33163  21776  36163  42163  33163  51163  48086      0  16307  24037  28182  24411  12107  22000  18075  32086  40000  36163  51163  36182  43086  51182  60163  26163  44163  22573  10270  19114  23163  28969  36163  44163  52163  53163  46163  63163  30182  41182  30163  14000  20337  22874  17500  15776  12163  25163  32163  34163  44163  52761  64761  62182  56182  32573  25182  28000  37000  52182  10500   9500  13500  16500  25182  27182  39086  33182  23182  38182  41163  36163  37163  30163  42163  18163  38163  25163  49761  31163  24163  28163  21163  21163  25163  21163  27163  27163  28163
  26807  38807  12776  38989  19844  36969  28969  47969  48567  53989  52969  60567  27989  21969  30969  16583  36969  45969  39969  58969  57893  16307      0  16844  34989  26218  21914  31807  27882  39989  49807  44969  60969  45989  51893  60989  66969  27969  40969  20380  19077  10307  21969  23776  34969  48969  57969  59969  53969  70969  39989  50989  38969  21807  27144  26681  14307  13583  18969  28969  37969  36969  52969  62567  73567  71989  65989  28380  33989  37807  46807  61989  12307  13307   9307  10307  34989  36989  47893  42989  31989  47989  48969  41969  40969  31969  42969  19969  46969  31969  59567  31969  26969  30969  25969  24969  29969  23969  28969  30969  28969
  35537  45537  23506  43689  26552  47699  39699  57699  59297  58689  60699  69699  33689  32699  40699  25313  47699  56699  49699  68699  63719  24037  16844      0  35689  27926  29614  39537  36582  41689  56537  53699  67699  50689  54689  64689  76699  38699  50699  20088  27806  18650  32699  32506  45699  59699  68699  69699  63699  80699  46689  56689  47699  31537  29844  28389  18045  24313  28699  39699  48699  47699  61699  70699  82297  75689  71689  24015  37689  45537  53537  66689  20037  22037  18037  14037  40689  41689  50689  46689  35689  52689  58699  52699  51699  43699  53699  30699  55699  42699  66699  42699  37699  42699  36699  36699  40699  34699  39699  41699  39699
  30000  28504  34711  18656  21689  50000  39904  46502  55502  31656  43102  53598  19656  36000  56000  45518  57000  59904  45000  56000  39590  28182  34989  35689      0  18226  24077  30504  26549  11656  35504  38504  45504  25560  24560  34656  67904  46904  67000  27226  29011  38700  46904  52711  58000  59000  63904  61000  55000  68000  26656  32656  38904  28000  14152  15689  29086  39518  30000  45000  47904  54000  47000  51102  64502  46656  45656  33226  14656  30408  35408  38656  29182  31086  32086  32182  21656  18656  21560  19656  13656  25656  51000  51000  53904  51000  63000  41000  42502  39000  47006  51904  44904  48000  40000  41000  44000  42000  48000  45904  50000
  32978  37074  28881  30226  19926  50074  39978  53074  58672  44226  52074  62672  24226  34074  50074  36687  54074  59978  48074  63074  51160  24411  26218  27926  18226      0  24151  35074  30119  25130  46074  46074  56074  37130  38130  48226  74074  44074  61074  19389  26181  30025  41074  43881  53074  61074  67978  66074  60074  75074  35226  44226  43074  29074  17381  12852  23419  32687  29074  43074  48978  52074  55074  60672  74672  60226  58226  25389  24226  38074  45074  52226  22411  25411  24411  22411  30226  29226  35130  32226  22226  38226  56074  53074  54074  48074  60074  36074  48672  41074  56576  48978  41978  46074  39074  39074  43074  39074  45074  44074  46074
  11000  19000  15807  21077  16614  30000  20000  32000  36598  35077  34000  42598  10077  16000  36000  28614  36000  40000  27000  42000  37011  12107  21914  29614  24077  24151      0  14000   8970  25077  30000  26000  40000  26077  34981  42077  52000  27000  47000  25151   8032  24721  28000  34807  38000  40000  47000  45000  39000  54000  20077  31077  22000   8000  15077  21614  22107  21614  10000  25000  28000  34000  35000  42598  55598  53077  46077  35151  17077  19000  27000  43077  16107  15107  19107  21107  16077  18077  29981  25077  16077  29077  34000  32000  34000  30000  43000  21000  29000  20000  39598  32000  24000  28000  19000  21000  23000  22000  28000  25000  30000
   5000  11504  22807  21504  27537  22000  14000  18000  24598  28504  21504  28598  16504  16000  36000  34614  32000  32000  15000  28000  27408  22000  31807  39537  30504  35074  14000      0   7504  29504  21504  13504  29504  22504  34408  38504  39000  25000  46000  37074  16000  33614  30000  38807  35000  29000  34000  31000  25000  40000  14504  23504   9000   9000  25000  32537  33000  27614  14000  21000  19000  28000  21000  30102  41598  46504  36504  46074  21504   7504  16504  36504  27000  25000  29000  32000  14504  18504  29408  23504  21504  24504  21000  21000  26000  26000  38000  23000  15000  10000  27102  29000  22000  23000  16000  19000  18000  21000  25000  21000  28000
   6000  12504  20807  18549  23582  27000  17000  25000  31598  29549  25504  34598  11549  16000  37000  33614  35000  37000  21000  35000  29483  18075  27882  36582  26549  30119   8970   7504      0  26549  23504  18504  33504  21549  32453  38549  45000  27000  48000  32119  12000  30689  30000  37807  38000  35000  41000  38000  32000  47000  14549  24549  15000   7000  20045  27582  29075  26614  12000  24000  24000  32000  27000  35102  47598  47549  39549  42119  17549  11504  19504  37549  23075  21075  26075  28075  11549  15549  27453  21549  17549  24549  28000  27000  31000  29000  42000  23000  21000  15000  32102  32000  24000  26000  18000  21000  21000  23000  27000  24000  30000
  29904  24408  37711  13656  27689  50000  40904  44904  53502  26624  38504  49502  20656  38000  59000  49518  58000  59904  43904  52000  35558  32086  39989  41689  11656  25130  25077  29504  26549      0  30504  34504  40504  19560  17656  27656  64904  48904  70000  33226  31011  43700  49904  56711  60000  58000  61904  58000  52000  64000  22656  26560  36904  29000  19152  22593  35086  43518  32000  47000  47904  55000  43000  46006  59502  39656  38656  40226  13656  27408  30408  31656  34182  35086  37086  37182  19656  15656  16624  13656  13560  19656  49000  49904  53904  52000  65000  43000  38502  39000  41006  53904  46904  49000  41000  43000  44904  43904  49904  46904  52000
  25000  11740  43043  21504  42537  39472  34472  22472  34070  17472  10976  21472  27504  36472  56472  56085  50472  46472  28472  25472   9707  40000  49807  56537  35504  46074  30000  21504  23504  30504      0  12976  10976  15504  25408  24504  38472  45472  65472  51074  35000  52850  51472  59279  54472  40472  40472  32472  28472  35472  15504   9740  21472  29000  35000  43537  50000  49085  34000  41472  35472  46472  16472  16574  30070  28504  16504  60074  26504  13504   5740  19504  45000  43000  47000  50000  20504  21504  24472  21504  28504  16504  28472  35472  41472  45472  55472  44472  16472  29472  11976  48472  42472  42472  36472  39472  38472  42472  44472  39472  47472
  17000  10504  35969  25504  40699  28634  24634  12634  24232  25504  10138  18634  25504  28634  46634  48248  39634  35634  17634  19634  19504  36163  44969  53699  38504  46074  26000  13504  18504  34504  12976      0  19138  22504  34504  35504  31634  35634  55634  49236  29163  46776  42634  51441  44634  30634  30634  24634  19634  31634  17504  19504  11634  22000  35000  42537  47163  41248  27163  31634  24634  35634  10634  19138  31232  40504  28504  59236  28504   8504   7504  31504  40163  38163  43163  46163  21504  24504  30504  26504  29504  24504  18634  24634  30634  35634  44634  35634   6634  19634  17138  38634  32634  32634  26634  30634  28634  33634  34634  29634  37634
  34000  21504  52969  31504  53699  45634  41634  25634  37232  24472  12138  17634  37504  45634  63634  65248  56634  50634  34634  23634  13472  51163  60969  67699  45504  56074  40000  29504  33504  40504  10976  19138      0  25504  33504  28504  35634  52634  72634  62236  45163  62776  59634  68441  61634  43634  40634  31634  29634  30634  25504  18504  28634  38000  46000  53537  61163  58248  44163  48634  40634  52634  17634  10138  23232  28504  15504  72236  37504  22504  13504  22504  55163  54163  58163  61163  30504  32504  33472  30504  38504  25504  31634  39634  46634  52634  61634  52634  20634  36634   6138  55634  50634  49634  44634  47634  45634  50634  52634  47634  55634
  24904  12504  38711  11656  35689  44000  35904  32904  43598  14624  24504  34598  21656  35000  57000  51614  54000  52904  35000  39000  20558  36182  45989  50689  25560  37130  26077  22504  21549  19560  15504  22504  25504      0  16560  20656  51904  46000  67000  44226  32107  48700  48904  56711  57000  49000  50904  45000  40000  50000  12656  11656  28000  26000  27152  34593  43086  44518  31000  43000  39904  50000  30000  31102  44598  31656  25656  52226  17656  17408  16408  20656  39182  39182  43182  44182  15656  13656  14624  10656  19560   7656  38000  42000  46904  48000  60000  42000  27000  32000  27006  49904  42904  45000  37000  40000  40000  42000  46000  42000  49000
  35904  25408  47711  18560  39593  56000  46904  44904  55502  22153  35408  45502  29560  46000  66904  60518  64904  64904  46904  49904  31563  43086  51893  54689  24560  38130  34981  34408  32453  17656  25408  34504  33504  16560      0  21344  62904  56904  77904  46226  41011  55700  58904  66711  67904  60904  62904  57000  52000  60000  24560  21276  39904  36904  31056  35593  48086  53518  40904  54000  51904  60904  40904  40006  54502  33248  35248  53226  22656  29408  28408  26248  46182  46086  49086  50086  25560  21560  15533  15656  24560  14656  50904  53904  58904  59000  71000  52000  38904  43904  36006  61904  53904  56000  48000  50904  50904  51904  56904  53904  59904
  41000  27504  55807  26656  49689  59000  52000  46000  56598  20248  33504  42598  37656  52000  73000  67614  70000  68000  50000  48000  28278  51182  60989  64689  34656  48226  42077  38504  38549  27656  24504  35504  28504  20656  21344      0  61000  62000  83000  56226  48107  64796  66000  73807  73000  63000  63000  56000  52000  57000  28656  21371  42000  43000  40152  45689  57182  60614  47000  59000  55000  65000  40000  36102  48598  23344  27344  63226  31656  32504  28504  18344  55182  55182  58182  59182  31656  28656  23533  22656  33656  18656  51000  56000  62000  64000  75000  59000  38598  48000  32102  66000  59000  61000  53000  56000  56000  58000  62000  58000  65000
  41000  41000  54969  55000  66699  36343  41182  26492  24492  53000  29634  24492  54000  47534  55343  63248  44343  33343  32492  18492  42904  60163  66969  76699  67904  74074  52000  39000  45000  64904  38472  31634  35634  51904  62904  61000      0  47343  58343  75236  53163  66776  54634  62441  50343  27492  17894  12894  19492  14894  47000  47000  33343  45000  63000  70441  71163  58248  49163  44343  33343  40343  27492  28634  26492  62000  49000  85236  58000  37000  35000  56000  64163  61163  65163  69163  50000  54000  59904  56000  59000  53000  23492  31492  33343  43343  45343  51534  28343  38343  31634  46343  45695  42343  43534  45534  42343  47534  46343  41343  48343
  21000  36000  15969  43000  35699  14343  14182  33343  27941  53000  42634  47941  34000  13534  14343  19248  13343  21343  23343  43343  50904  26163  27969  38699  46904  44074  27000  25000  27000  48904  45472  35634  52634  46000  56904  62000  47343      0  24343  41236  22163  26776  10634  18441  14343  26343  36343  41343  36343  53343  38000  48000  27343  20000  38000  42537  35163  15248  18163   7343  17343  12343  41343  50232  59941  71000  60000  49236  41000  32000  40000  61000  28163  25163  28163  31163  36000  40000  51904  46000  40000  49000  30343  21343  17343   7343  19343  10534  35941  19343  49232   8343   5695   7343  11534   8534  10343   7534   4343   9343   6343
  42000  57000  32969  64000  52699  30343  35182  50343  40941  74000  61634  64941  54000  34534  16519  26248  21519  28343  41343  59343  71904  44163  40969  50699  67000  61074  47000  46000  48000  70000  65472  55634  72634  67000  77904  83000  58343  24343      0  55236  41163  37776  21634  19441  16519  36343  46343  54343  51343  66343  59000  69000  47343  41000  57000  60537  50163  29248  38163  28343  34343  25519  59343  69232  75941  92000  81000  62236  61000  53000  60000  82000  44163  42163  43163  45163  57000  61000  72904  67000  60000  70000  46343  36343  30343  23343  18519  28534  54343  40343  68232  20343  26695  26343  32534  30534  31343  28534  24343  29343  21343
  33074  41074  25043  36226  21015  48236  39236  55236  58834  51226  57236  66236  28226  33236  45236  30850  51236  58236  49236  66236  57256  22573  20380  20088  27226  19389  25151  37074  32119  33226  51074  49236  62236  44226  46226  56226  75236  41236  55236      0  26343  24187  36236  38043  49236  60236  68236  68236  62236  78236  40226  50226  45236  29074  22381  18926  17581  27850  28236  41236  48236  49236  58236  66236  78834  68226  65226  21552  30226  41074  49074  59226  19573  22573  19573  16573  35226  35226  43226  39226  28226  45226  57236  52236  53236  45236  56236  33236  52236  41236  62236  46236  39236  44236  37236  37236  41236  36236  42236  42236  42236
  11000  24000   9969  27107  18806  26163  17163  33163  35761  40107  37163  45761  16107  11163  30163  22776  31163  36163  26163  44163  42011  10270  19077  27806  29011  26181   8032  16000  12000  31011  35000  29163  45163  32107  41011  48107  53163  22163  41163  26343      0  20883  22163  28969  32163  37163  45163  46163  39163  56163  25107  36107  23163   7000  19107  24644  21270  15776   5163  20163  26163  29163  38163  46761  58761  58107  51107  36343  23107  22000  31000  48107  14270  12270  16270  20270  21107  24107  36011  31107  22107  35107  34163  30163  31163  25163  38163  15163  30761  18163  43761  27163  19163  23163  15163  16163  19163  17163  22163  21163  24163
  28614  41614  12583  42796  23650  35776  29776  48374  48374  57796  54374  62374  31796  22776  27776  12776  35776  44776  40776  59776  60700  19114  10307  18650  38700  30025  24721  33614  30689  43700  52850  46776  62776  48700  55700  64796  66776  26776  37776  24187  20883      0  19776  19583  32776  48776  57776  60776  54776  71776  42796  53796  39776  24614  31951  30392  18114  12012  20776  27776  37776  34776  54776  64374  75374  75796  68796  30187  37796  39614  48614  65796  16114  16114  13114  14114  38796  40796  51700  46796  35796  51796  48776  41776  39776  30776  40776  18776  48374  32776  61374  30776  25776  29776  26776  24776  28776  22776  27776  29776  26776
  25000  41000  12969  45000  32699  21634  19634  39232  35232  57000  49232  54232  35000  15634  10634  10248  17634  27634  29634  50634  56904  23163  21969  32699  46904  41074  28000  30000  30000  49904  51472  42634  59634  48904  58904  66000  54634  10634  21634  36236  22163  19776      0  10441  14634  33634  43634  48634  42634  60634  42000  52000  32634  23000  37000  40441  30163   9248  19163  13634  24634  18634  47634  58232  67232  75000  66000  44236  42000  37000  46000  65000  24163  22163  23163  26163  39000  42000  53904  49000  41000  52000  37634  28634  24634  14634  22634   8634  41232  24634  56232  12634  11634  14634  16634  13634  16634  10634  11634  16634   9634
  33807  48807  18776  52807  36506  29441  28441  48441  43039  64807  58441  63039  41807  24441  12441   8441  22441  33441  38441  59441  65711  28969  23776  32506  52711  43881  34807  38807  37807  56711  59279  51441  68441  56711  66711  73807  62441  18441  19441  38043  28969  19583  10441      0  17441  40441  51441  56441  51441  68441  49807  60807  41441  30807  42807  44248  31969  14055  26969  22441  33441  25441  56441  67039  75039  83807  74807  44043  48807  45807  54807  72807  27969  25969  25969  27969  46807  49807  61711  55807  46807  59807  46441  36441  31441  21441  25441  17441  50039  33441  65039  19441  20441  23441  25441  22441  25441  19441  19441  24441  17441
  32000  46000  24969  54000  44699  19343  24182  40343  31941  64000  51634  54941  44000  24534  11519  22248  11519  20343  31343  49343  60904  36163  34969  45699  58000  53074  38000  35000  38000  60000  54472  44634  61634  57000  67904  73000  50343  14343  16519  49236  32163  32776  14634  17441      0  28343  38343  45343  41343  57343  49000  58000  36343  31000  48000  52537  43163  22248  29163  17343  24343  15519  49343  58232  65941  81000  70000  57236  51000  42000  49000  71000  37163  34163  36163  39163  47000  51000  62904  57000  51000  59000  36343  26343  20343  12343  13519  19534  44343  29343  58232   9343  16695  15343  22534  19534  20343  18534  14343  18343  11343
  29000  37000  36969  49000  52699  15343  24182  23492  11492  54000  34634  35090  44000  29534  32343  42248  21343  11343  19492  29492  46904  44163  48969  59699  59000  61074  40000  29000  35000  58000  40472  30634  43634  49000  60904  63000  27492  26343  36343  60236  37163  48776  33634  40441  28343      0  16492  23492  21492  35492  42000  47000  25343  32000  52000  58537  55163  38248  33163  24343  15343  18343  32492  38232  45090  68000  55000  69236  50000  32000  36000  59000  48163  44163  48163  52163  43000  47000  56904  52000  50000  52000  18492  13492  12343  22343  23343  32534  27343  23343  39232  24343  25695  21343  25534  26534  22343  27534  24343  21343  26343
  35000  39000  45969  53000  60699  25343  32182  23492  14894  54000  31634  30492  50000  38534  43343  52248  32343  21343  25492  23492  45904  52163  57969  68699  63904  67978  47000  34000  41000  61904  40472  30634  40634  50904  62904  63000  17894  36343  46343  68236  45163  57776  43634  51441  38343  16492      0  15894  17492  25894  45000  48000  28343  39000  58000  65441  63163  48248  41163  34343  24343  29343  29492  34634  37492  67000  53000  78236  55000  35000  36000  59000  56163  53163  57163  61163  47000  51000  58904  55000  54904  53000  18492  21492  22343  33343  33343  42534  27343  30343  36634  35343  35695  32343  34534  35534  32343  37534  35343  31343  37343
  34000  34000  47969  48000  59699  30343  34182  18492  18492  47000  23634  20492  47000  40534  50343  57248  39343  29343  25492  13492  38000  53163  59969  69699  61000  66074  45000  31000  38000  58000  32472  24634  31634  45000  57000  56000  12894  41343  54343  68236  46163  60776  48634  56441  45343  23492  15894      0  11492  17894  40000  41000  26343  38000  56000  63537  64163  51248  42163  38343  27343  35343  21492  24634  27492  58000  44000  78236  51000  30000  29000  50000  57163  54163  58163  62163  43000  47000  53000  50000  52000  47000  16492  25492  28343  38343  41343  45534  21343  31343  26634  41343  39695  37343  36534  38534  35343  41534  40343  35343  42343
  28000  28000  41969  43000  53699  25343  28182  12492  14492  43000  20634  20492  41000  34534  45343  51248  35343  26343  19492  13492  35000  46163  53969  63699  55000  60074  39000  25000  32000  52000  28472  19634  29634  40000  52000  52000  19492  36343  51343  62236  39163  54776  42634  51441  41343  21492  17492  11492      0  22492  34000  36000  20343  32000  50000  57537  58163  45248  36163  32343  21343  31343  18492  23634  30492  55000  42000  72236  45000  25000  24000  47000  51163  48163  52163  56163  37000  41000  48000  44000  46000  42000  10492  20492  24343  33343  38343  39534  16343  24343  24634  36343  33695  31343  30534  32534  30343  35534  35343  30343  37343
  44000  40000  59969  54000  69699  42343  45182  28492  30492  50000  26634  19492  55000  51534  62343  68248  51343  41343  36492  17492  39000  63163  70969  80699  68000  75074  54000  40000  47000  64000  35472  31634  30634  50000  60000  57000  14894  53343  66343  78236  56163  71776  60634  68441  57343  35492  25894  17894  22492      0  46000  44000  36343  48000  64000  72537  74163  63248  53163  49343  39343  47343  26492  22634  18894  57000  43000  88236  58000  37000  33000  51000  67163  65163  69163  72163  50000  53000  57000  55000  59000  51000  28492  37492  40343  50343  53343  57534  29343  42343  26634  53343  51695  49343  48534  50534  47343  53534  52343  47343  54343
  17000   6504  31807  12656  31689  36000  28000  27000  36598  21597  21504  31598  16656  28000  49000  44614  46000  45000  28000  35000  23532  30182  39989  46689  26656  35226  20077  14504  14549  22656  15504  17504  25504  12656  24560  28656  47000  38000  59000  40226  25107  42796  42000  49807  49000  42000  45000  40000  34000  46000      0  15656  20000  19000  25152  32689  39182  37614  24000  35000  33000  42000  25000  30102  43598  38656  30656  50226  16656  10504  13504  27656  34182  33182  37182  39182   9656  11656  21502  14656  17656  15656  32000  34000  39000  40000  52000  35000  22000  24000  26102  43000  35000  37000  29000  32000  32000  34000  38000  34000  41000
  27000  12504  42807  18656  41689  44000  37000  30000  41598  13339  19504  29598  27656  38000  59000  55614  54000  52000  34000  34000  14369  41182  50989  56689  32656  44226  31077  23504  24549  26560   9740  19504  18504  11656  21276  21371  47000  48000  69000  50226  36107  53796  52000  60807  58000  47000  48000  41000  36000  44000  15656      0  27000  30000  34152  41689  49182  48850  35000  44000  40000  50000  25000  25102  38598  28371  20371  59226  24656  16504  12504  18371  45182  44182  48182  50182  20656  20656  19528  17656  26656  11656  36000  41000  47000  49000  60000  45000  23598  33000  20102  52000  45000  46000  39000  42000  41000  44000  48000  43000  51000
  11000  15000  27969  28000  36699  21343  16182  13343  19941  33000  18634  25941  24000  20534  38343  39248  32343  29343  11343  24343  27904  30163  38969  47699  38904  43074  22000   9000  15000  36904  21472  11634  28634  28000  39904  42000  33343  27343  47343  45236  23163  39776  32634  41441  36343  25343  28343  26343  20343  36343  20000  27000      0  16000  33000  40537  41163  32248  20163  23343  16343  27343  18343  27232  38941  49000  37000  55236  29000  11000  16000  39000  35163  32163  37163  40163  22000  26000  34904  30000  30000  30000  16343  17343  23343  27343  37343  27534  12343  11343  25232  29941  24695  24343  18534  21534  20343  24534  26343  21343  30343
   4000  18000  13807  23000  20537  22000  12000  25000  29598  34000  30000  37598  14000   9000  30000  26614  29000  32000  19000  36000  34904  14000  21807  31537  28000  29074   8000   9000   7000  29000  29000  22000  38000  26000  36904  43000  45000  20000  41000  29074   7000  24614  23000  30807  31000  32000  39000  38000  32000  48000  19000  30000  16000      0  20000  26537  25000  19614   5000  17000  20000  26000  30000  38598  50598  52000  44000  39074  21000  16000  25000  42000  18000  16000  20000  23000  16000  20000  31904  26000  20000  29000  27000  24000  26000  23000  35000  16000  24000  12000  35598  25000  17000  20000  12000  14000  16000  16000  21000  18000  23000
  23000  26000  24807  20152  14844  42000  32000  43000  48598  35152  41000  51598  13152  27000  46000  35614  48000  52000  39000  52000  41086  20337  27144  29844  14152  17381  15077  25000  20045  19152  35000  35000  46000  27152  31056  40152  63000  38000  57000  22381  19107  31951  37000  42807  48000  52000  58000  56000  50000  64000  25152  34152  33000  20000      0  13844  22337  29614  21000  36000  40000  45000  44000  49598  63598  52152  49152  31381  14152  27000  34000  43152  21337  23337  24337  25337  19152  19152  27056  23152  12152  29152  46000  44000  46000  42000  54000  31000  39000  32000  45598  43000  36000  39000  31000  32000  35000  33000  39000  37000  41000
  29537  33537  28248  26689  17389  48537  38441  50039  56135  41689  49135  59135  21689  32537  49537  37151  52537  57441  45537  60135  48623  22874  26681  28389  15689  12852  21614  32537  27582  22593  43537  42537  53537  34593  35593  45689  70441  42537  60537  18926  24644  30392  40441  44248  52537  58537  65441  63537  57537  72537  32689  41689  40537  26537  13844      0  22786  32055  26537  41537  46441  50537  51135  57135  71135  57689  55689  25926  20689  34441  41441  48689  21874  24874  24874  22874  27689  25689  32593  29689  19593  35689  53537  50537  52441  46537  58537  34537  46135  38537  53039  47441  40441  44537  36537  37537  40537  37537  43537  42537  44537
